0 0.134375 0.08515625 0.0390625 0.034375
0 0.23125 0.1109375 0.040625 0.034375
0 0.30390625 0.140625 0.040625 0.034375
0 0.37578125 0.1578125 0.0390625 0.0328125
0 0.45234375 0.1859375 0.0453125 0.040625
0 0.534375 0.20078125 0.0390625 0.0359375
0 0.61015625 0.22890625 0.0421875 0.0390625
0 0.68515625 0.24609375 0.03125 0.0296875
0 0.76015625 0.265625 0.0359375 0.0359375
0 0.8265625 0.28125 0.04375 0.0421875
0 0.8828125 0.30078125 0.040625 0.0375
0 0.93984375 0.3109375 0.040625 0.0359375
0 0.97890625 0.32265625 0.040625 0.0421875
1 0.99140625 0.309375 0.0171875 0.034375
1 0.95078125 0.290625 0.0265625 0.021875
1 0.9046875 0.28046875 0.0296875 0.03125
1 0.859375 0.26171875 0.0265625 0.0296875
1 0.815625 0.25703125 0.028125 0.0296875
1 0.76796875 0.24375 0.021875 0.0171875
1 0.72421875 0.23359375 0.025 0.025
1 0.67421875 0.22265625 0.0296875 0.03125
1 0.63203125 0.2046875 0.028125 0.028125
1 0.5671875 0.19453125 0.028125 0.0296875
1 0.5125 0.1765625 0.0265625 0.025
1 0.459375 0.15703125 0.0359375 0.034375
1 0.4015625 0.1421875 0.0328125 0.034375
1 0.35234375 0.1265625 0.03125 0.0296875
1 0.3015625 0.11328125 0.0328125 0.03125
1 0.26328125 0.1 0.03125 0.0296875
1 0.20546875 0.08515625 0.0328125 0.0328125
1 0.15390625 0.06796875 0.0328125 0.03125