0 0.95546875 0.21953125 0.0640625 0.0546875
0 0.88515625 0.19609375 0.046875 0.0375
0 0.83671875 0.18515625 0.03671875 0.03515625
0 0.79765625 0.1734375 0.03046875 0.02578125
0 0.76875 0.1734375 0.02734375 0.0265625
0 0.7390625 0.1625 0.02109375 0.02265625
1 0.01875 0.37421875 0.0359375 0.08359375
1 0.1515625 0.290625 0.07578125 0.071875
1 0.25703125 0.2421875 0.059375 0.0515625
1 0.31875 0.22109375 0.0453125 0.03984375
1 0.36015625 0.20390625 0.03046875 0.03359375
1 0.3921875 0.18828125 0.028125 0.02890625
1 0.4171875 0.178125 0.021875 0.02734375
1 0.43984375 0.1796875 0.0203125 0.01796875