0 0.8296875 0.0859375 0.078125 0.0625
0 0.73828125 0.08671875 0.06875 0.0609375
0 0.68203125 0.09296875 0.05625 0.046875
0 0.6359375 0.0921875 0.0453125 0.053125
0 0.61484375 0.09375 0.0390625 0.04375
0 0.59140625 0.09453125 0.0359375 0.0375
0 0.5734375 0.09609375 0.0328125 0.0296875
0 0.5578125 0.096875 0.025 0.0265625
0 0.54453125 0.09609375 0.0203125 0.0234375
0 0.53359375 0.1 0.0171875 0.01875
0 0.51953125 0.1 0.01875 0.0203125
1 0.11171875 0.25703125 0.03125 0.0328125
1 0.0296875 0.47421875 0.059375 0.1046875
1 0.11171875 0.36640625 0.08125 0.08125
1 0.1734375 0.3046875 0.0609375 0.0625
1 0.21484375 0.275 0.0546875 0.053125
1 0.25078125 0.24921875 0.0421875 0.04375
1 0.26875 0.23125 0.0421875 0.0421875
1 0.28359375 0.21953125 0.0390625 0.0390625
1 0.29140625 0.21015625 0.0328125 0.0328125
1 0.30546875 0.19921875 0.0265625 0.0265625
1 0.321875 0.18359375 0.021875 0.0203125
1 0.33046875 0.17734375 0.0234375 0.0234375