0 0.9828125 0.28671875 0.034375 0.07265625
0 0.9421875 0.25625 0.07109375 0.046875
0 0.88046875 0.23671875 0.05234375 0.05625
0 0.82109375 0.23125 0.05078125 0.03828125
0 0.76484375 0.221875 0.04375 0.040625
0 0.709375 0.20703125 0.04140625 0.0359375
0 0.72734375 0.17578125 0.02890625 0.03203125
0 0.853125 0.18125 0.0296875 0.02734375
0 0.97578125 0.1734375 0.02734375 0.02421875
0 0.6609375 0.20234375 0.03671875 0.040625
0 0.6125 0.196875 0.0375 0.0328125
0 0.56875 0.1921875 0.028125 0.028125
0 0.54375 0.1875 0.03046875 0.02734375
0 0.52109375 0.1859375 0.02890625 0.02109375
0 0.59765625 0.17578125 0.0234375 0.02578125
1 0.0625 0.275 0.0796875 0.07578125
1 0.11015625 0.25390625 0.06328125 0.06640625
1 0.14375 0.23984375 0.05234375 0.05
1 0.1765625 0.2234375 0.0390625 0.04921875
1 0.15703125 0.22109375 0.0453125 0.04609375
1 0.1421875 0.20703125 0.04296875 0.03359375
1 0.13125 0.19765625 0.028125 0.03984375
1 0.1734375 0.178125 0.0296875 0.02734375
1 0.215625 0.17578125 0.0265625 0.028125
1 0.2421875 0.175 0.021875 0.0265625
1 0.26953125 0.17265625 0.0203125 0.01953125
1 0.3125 0.16953125 0.02265625 0.0265625
1 0.3609375 0.171875 0.021875 0.0234375
1 0.40625 0.16796875 0.0203125 0.01953125
1 0.4578125 0.16875 0.02421875 0.02265625
1 0.5078125 0.16640625 0.01796875 0.01875
1 0.57734375 0.16875 0.0171875 0.01640625
1 0.67265625 0.1671875 0.021875 0.02578125
1 0.77109375 0.165625 0.0234375 0.02265625
1 0.859375 0.16328125 0.0234375 0.01875
1 0.94296875 0.16953125 0.0234375 0.01953125