1 0.9875 0.26171875 0.025 0.0828125
1 0.92734375 0.2375 0.0609375 0.075
1 0.86171875 0.215625 0.053125 0.0640625
1 0.80234375 0.196875 0.046875 0.0546875
1 0.75 0.178125 0.0453125 0.053125
1 0.70078125 0.16875 0.0421875 0.046875
1 0.65390625 0.153125 0.04375 0.0515625
1 0.61328125 0.1421875 0.040625 0.046875
1 0.57421875 0.1328125 0.0328125 0.040625
1 0.534375 0.12421875 0.028125 0.0390625
1 0.496875 0.11640625 0.0328125 0.03125
1 0.4484375 0.10546875 0.025 0.0296875
1 0.40859375 0.09921875 0.0265625 0.0296875
1 0.3609375 0.08828125 0.0359375 0.0359375
1 0.31484375 0.0796875 0.028125 0.03125
0 0.0734375 0.06015625 0.025 0.0359375
0 0.1015625 0.06875 0.028125 0.034375
0 0.13125 0.07578125 0.0390625 0.0421875
0 0.1703125 0.084375 0.040625 0.0484375
0 0.20234375 0.09375 0.0328125 0.0453125
0 0.2125 0.10078125 0.028125 0.04375
0 0.228125 0.10703125 0.0359375 0.0484375
0 0.24453125 0.12421875 0.0453125 0.053125
0 0.2546875 0.146875 0.0578125 0.065625
0 0.2625 0.171875 0.078125 0.078125
0 0.26953125 0.21796875 0.096875 0.09375
0 0.2921875 0.25859375 0.109375 0.1125
0 0.3234375 0.328125 0.15625 0.1515625
0 0.42578125 0.4515625 0.2203125 0.2453125
0 0.74375 0.79140625 0.3671875 0.4046875