0 0.9203125 0.55078125 0.159375 0.2171875
0 0.453125 0.3234375 0.115625 0.13125
0 0.253125 0.2515625 0.0859375 0.0796875
0 0.140625 0.19453125 0.0703125 0.0625
0 0.053125 0.16953125 0.05625 0.0609375
1 0.86171875 0.24296875 0.0640625 0.05625
1 0.68359375 0.20078125 0.04375 0.04375
1 0.54296875 0.18125 0.040625 0.04375
1 0.4515625 0.1625 0.0375 0.040625
1 0.38984375 0.153125 0.034375 0.0390625
1 0.33671875 0.1484375 0.040625 0.0453125
1 0.27578125 0.14296875 0.034375 0.0390625
1 0.2078125 0.13671875 0.0296875 0.0359375
1 0.140625 0.13203125 0.0328125 0.0359375
1 0.08984375 0.128125 0.034375 0.0328125
1 0.0375 0.1265625 0.0171875 0.0328125