0 0.04609375 0.2359375 0.05 0.08125
0 0.08359375 0.2171875 0.0765625 0.0640625
0 0.15234375 0.20078125 0.0640625 0.0671875
0 0.06171875 0.13125 0.03125 0.0328125
0 0.18359375 0.1421875 0.028125 0.025
0 0.2078125 0.2015625 0.0546875 0.05
0 0.2640625 0.19375 0.046875 0.0453125
0 0.309375 0.153125 0.0265625 0.025
0 0.31875 0.1890625 0.04375 0.0453125
0 0.37109375 0.1875 0.040625 0.0484375
0 0.4140625 0.1890625 0.0375 0.0421875
0 0.46328125 0.18828125 0.0375 0.034375
0 0.4359375 0.16640625 0.028125 0.028125
0 0.49375 0.1859375 0.0234375 0.0328125
0 0.5140625 0.1890625 0.0265625 0.0296875
1 0.95703125 0.321875 0.0859375 0.08125
1 0.9125 0.2984375 0.0703125 0.075
1 0.8796875 0.278125 0.0578125 0.05
1 0.85234375 0.259375 0.0484375 0.0546875
1 0.87578125 0.26171875 0.0484375 0.0515625
1 0.89375 0.24921875 0.0375 0.04375
1 0.90078125 0.23359375 0.034375 0.04375
1 0.85703125 0.21640625 0.03125 0.03125
1 0.81640625 0.209375 0.03125 0.03125
1 0.790625 0.20234375 0.0296875 0.03125
1 0.7625 0.19765625 0.025 0.0296875
1 0.72265625 0.18828125 0.028125 0.03125
1 0.671875 0.18828125 0.025 0.028125
1 0.62578125 0.1796875 0.0203125 0.0265625
1 0.578125 0.1734375 0.0203125 0.0234375
1 0.52421875 0.16875 0.025 0.028125
1 0.45703125 0.1625 0.01875 0.0234375
1 0.3640625 0.1484375 0.0265625 0.021875
1 0.2671875 0.13984375 0.0265625 0.0234375
1 0.17890625 0.1265625 0.0296875 0.01875
1 0.0953125 0.12421875 0.028125 0.025