0 0.015625 0.328125 0.03125 0.0625
0 0.015625 0.28671875 0.03125 0.0578125
0 0.01328125 0.26328125 0.0265625 0.0515625
0 0.0203125 0.24375 0.040625 0.040625
0 0.03828125 0.23359375 0.0234375 0.0296875
0 0.05078125 0.21875 0.021875 0.025
0 0.0671875 0.2078125 0.0265625 0.03125
0 0.09296875 0.2015625 0.0265625 0.0265625
0 0.14296875 0.18828125 0.0265625 0.025
0 0.19453125 0.171875 0.028125 0.028125
0 0.22734375 0.1609375 0.0234375 0.0234375
0 0.27890625 0.1484375 0.0265625 0.025
0 0.328125 0.13671875 0.028125 0.0265625
0 0.37890625 0.1234375 0.0265625 0.028125
0 0.43046875 0.1078125 0.025 0.0203125
0 0.48203125 0.096875 0.0234375 0.021875
0 0.53203125 0.07890625 0.028125 0.0265625
0 0.58046875 0.065625 0.025 0.025
0 0.62578125 0.05390625 0.0265625 0.0234375
0 0.665625 0.04375 0.0234375 0.0203125
0 0.70546875 0.0296875 0.025 0.0265625
0 0.7578125 0.01640625 0.0265625 0.0265625
0 0.79453125 0.00625 0.0234375 0.0125
0 0.83125 0.00546875 0.025 0.0109375
1 0.846875 0.00546875 0.021875 0.0109375
1 0.8140625 0.00546875 0.01875 0.0109375
1 0.77265625 0.00546875 0.0203125 0.0109375
1 0.74765625 0.00859375 0.0203125 0.0171875
1 0.71875 0.01640625 0.0234375 0.0234375
1 0.68046875 0.0265625 0.021875 0.021875
1 0.65 0.03671875 0.015625 0.0171875
1 0.5953125 0.05234375 0.01875 0.01875
1 0.62421875 0.0421875 0.0171875 0.015625
1 0.5609375 0.059375 0.021875 0.021875
1 0.515625 0.06875 0.0203125 0.0203125
1 0.48671875 0.08359375 0.021875 0.021875
1 0.44453125 0.09375 0.01875 0.0203125
1 0.40546875 0.10234375 0.0265625 0.021875
1 0.36484375 0.11640625 0.0234375 0.0234375
1 0.246875 0.14453125 0.021875 0.025
1 0.28671875 0.13671875 0.0234375 0.025
1 0.20859375 0.15625 0.0203125 0.0234375
1 0.165625 0.16875 0.021875 0.021875
1 0.1296875 0.178125 0.01875 0.0203125
1 0.0859375 0.18984375 0.021875 0.021875
1 0.0421875 0.2015625 0.0203125 0.021875
1 0.01015625 0.21015625 0.0203125 0.0203125
1 0.0046875 0.2203125 0.009375 0.021875
1 0.00546875 0.23515625 0.0109375 0.0265625