<<<<<<< HEAD
0 0.18359375 0.0078125 0.0265625 0.015625
0 0.2890625 0.046875 0.0296875 0.028125
0 0.3796875 0.078125 0.028125 0.025
0 0.5453125 0.14765625 0.025 0.0234375
0 0.5265625 0.13828125 0.0265625 0.028125
0 0.50625 0.1375 0.028125 0.03125
0 0.48203125 0.12890625 0.0328125 0.0328125
0 0.446875 0.11875 0.0390625 0.0375
0 0.41640625 0.11484375 0.034375 0.0328125
0 0.3828125 0.10859375 0.0375 0.0359375
0 0.3515625 0.103125 0.0359375 0.034375
0 0.32265625 0.0921875 0.034375 0.0375
0 0.30625 0.0921875 0.05 0.0484375
0 0.2875 0.10078125 0.0453125 0.0390625
0 0.26796875 0.11171875 0.0609375 0.059375
0 0.2546875 0.1125 0.06875 0.071875
0 0.21484375 0.121875 0.0890625 0.09375
0 0.1671875 0.12890625 0.109375 0.1125
0 0.128125 0.146875 0.09375 0.1234375
1 0.2 0.0109375 0.028125 0.021875
1 0.26796875 0.0328125 0.025 0.025
1 0.34140625 0.05859375 0.0234375 0.028125
1 0.41953125 0.0859375 0.03125 0.0296875
1 0.55859375 0.14140625 0.025 0.025
1 0.496875 0.1171875 0.0203125 0.021875
1 0.59609375 0.15625 0.0234375 0.0203125
1 0.6328125 0.17265625 0.0234375 0.0234375
1 0.66640625 0.184375 0.0234375 0.0203125
1 0.7015625 0.1984375 0.025 0.025
1 0.73359375 0.2109375 0.0265625 0.028125
1 0.75234375 0.21796875 0.021875 0.025
1 0.76953125 0.22578125 0.0265625 0.0265625
1 0.7953125 0.2359375 0.0265625 0.0265625
1 0.81796875 0.25703125 0.0359375 0.034375
1 0.78671875 0.2578125 0.0359375 0.0375
1 0.75859375 0.25 0.0296875 0.034375
1 0.76796875 0.26171875 0.0375 0.040625
1 0.778125 0.2703125 0.0390625 0.040625
1 0.7921875 0.28515625 0.05 0.0515625
1 0.82578125 0.3078125 0.0640625 0.0640625
1 0.87578125 0.3375 0.06875 0.075
1 0.98359375 0.41640625 0.0328125 0.0828125
=======
0 0.18359375 0.0078125 0.0265625 0.015625
0 0.2890625 0.046875 0.0296875 0.028125
0 0.3796875 0.078125 0.028125 0.025
0 0.5453125 0.14765625 0.025 0.0234375
0 0.5265625 0.13828125 0.0265625 0.028125
0 0.50625 0.1375 0.028125 0.03125
0 0.48203125 0.12890625 0.0328125 0.0328125
0 0.446875 0.11875 0.0390625 0.0375
0 0.41640625 0.11484375 0.034375 0.0328125
0 0.3828125 0.10859375 0.0375 0.0359375
0 0.3515625 0.103125 0.0359375 0.034375
0 0.32265625 0.0921875 0.034375 0.0375
0 0.30625 0.0921875 0.05 0.0484375
0 0.2875 0.10078125 0.0453125 0.0390625
0 0.26796875 0.11171875 0.0609375 0.059375
0 0.2546875 0.1125 0.06875 0.071875
0 0.21484375 0.121875 0.0890625 0.09375
0 0.1671875 0.12890625 0.109375 0.1125
0 0.128125 0.146875 0.09375 0.1234375
1 0.2 0.0109375 0.028125 0.021875
1 0.26796875 0.0328125 0.025 0.025
1 0.34140625 0.05859375 0.0234375 0.028125
1 0.41953125 0.0859375 0.03125 0.0296875
1 0.55859375 0.14140625 0.025 0.025
1 0.496875 0.1171875 0.0203125 0.021875
1 0.59609375 0.15625 0.0234375 0.0203125
1 0.6328125 0.17265625 0.0234375 0.0234375
1 0.66640625 0.184375 0.0234375 0.0203125
1 0.7015625 0.1984375 0.025 0.025
1 0.73359375 0.2109375 0.0265625 0.028125
1 0.75234375 0.21796875 0.021875 0.025
1 0.76953125 0.22578125 0.0265625 0.0265625
1 0.7953125 0.2359375 0.0265625 0.0265625
1 0.81796875 0.25703125 0.0359375 0.034375
1 0.78671875 0.2578125 0.0359375 0.0375
1 0.75859375 0.25 0.0296875 0.034375
1 0.76796875 0.26171875 0.0375 0.040625
1 0.778125 0.2703125 0.0390625 0.040625
1 0.7921875 0.28515625 0.05 0.0515625
1 0.82578125 0.3078125 0.0640625 0.0640625
1 0.87578125 0.3375 0.06875 0.075
1 0.98359375 0.41640625 0.0328125 0.0828125
>>>>>>> c9556306391b7ee450ce0db69384df37c899f0a7
1 0.94921875 0.38359375 0.08125 0.0828125