0 0.10390625 0.0453125 0.0734375 0.0734375
0 0.15234375 0.0328125 0.0640625 0.065625
0 0.17578125 0.015625 0.0546875 0.03125
0 0.1734375 0.01015625 0.040625 0.0203125
0 0.159375 0.01015625 0.046875 0.0203125
0 0.15 0.01171875 0.04375 0.0234375
0 0.17890625 0.00859375 0.0265625 0.0171875
0 0.196875 0.0078125 0.025 0.015625
0 0.2265625 0.00703125 0.028125 0.0140625
0 0.25 0.00625 0.025 0.0125
0 0.27578125 0.00625 0.0328125 0.0125
0 0.29765625 0.00546875 0.0171875 0.0109375
1 0.32890625 0.003125 0.0171875 0.00625
1 0.3640625 0.003125 0.025 0.00625
1 0.39609375 0.003125 0.0140625 0.00625
1 0.4296875 0.00546875 0.028125 0.0109375
1 0.45625 0.00703125 0.015625 0.0140625
1 0.4953125 0.02421875 0.0296875 0.03125
1 0.54453125 0.04375 0.0296875 0.0359375
1 0.5734375 0.0484375 0.0328125 0.0328125
1 0.61328125 0.065625 0.034375 0.0421875
1 0.640625 0.078125 0.034375 0.040625
1 0.6953125 0.08984375 0.040625 0.04375
1 0.74375 0.11171875 0.0453125 0.05625
1 0.79609375 0.121875 0.0515625 0.059375
1 0.8484375 0.1390625 0.0640625 0.0640625
1 0.9234375 0.17890625 0.071875 0.071875
1 0.978125 0.2125 0.04375 0.08125