<<<<<<< HEAD
1 0.909375 0.38828125 0.14140625 0.12421875
0 0.0375 0.2078125 0.0578125 0.0390625
0 0.12109375 0.19453125 0.0375 0.04140625
0 0.175 0.18515625 0.03359375 0.02734375
0 0.2171875 0.1765625 0.0296875 0.028125
1 0.7484375 0.28125 0.08671875 0.07421875
1 0.9484375 0.165625 0.034375 0.03046875
1 0.67734375 0.23828125 0.05390625 0.05078125
1 0.62890625 0.21171875 0.03359375 0.04140625
1 0.6078125 0.2 0.02890625 0.04140625
1 0.58046875 0.184375 0.01796875 0.02890625
=======
1 0.909375 0.38828125 0.14140625 0.12421875
0 0.0375 0.2078125 0.0578125 0.0390625
0 0.12109375 0.19453125 0.0375 0.04140625
0 0.175 0.18515625 0.03359375 0.02734375
0 0.2171875 0.1765625 0.0296875 0.028125
1 0.7484375 0.28125 0.08671875 0.07421875
1 0.9484375 0.165625 0.034375 0.03046875
1 0.67734375 0.23828125 0.05390625 0.05078125
1 0.62890625 0.21171875 0.03359375 0.04140625
1 0.6078125 0.2 0.02890625 0.04140625
1 0.58046875 0.184375 0.01796875 0.02890625
>>>>>>> c9556306391b7ee450ce0db69384df37c899f0a7
1 0.5609375 0.175 0.025 0.02890625