0 0.9078125 0.44375 0.184375 0.2328125
0 0.66015625 0.47265625 0.20078125 0.27578125
0 0.51015625 0.3703125 0.146875 0.184375
0 0.684375 0.409375 0.1703125 0.26328125
0 0.065625 0.165625 0.04921875 0.06796875
0 0.1359375 0.14296875 0.040625 0.03984375
0 0.175 0.125 0.02265625 0.0359375
0 0.15234375 0.11953125 0.0328125 0.0375
0 0.196875 0.09453125 0.0125 0.02265625
0 0.1765625 0.10234375 0.009375 0.02578125
0 0.1359375 0.1109375 0.025 0.03828125
0 0.18671875 0.09921875 0.01484375 0.02734375
1 0.04296875 0.0921875 0.01640625 0.025
1 0.02734375 0.0921875 0.01640625 0.028125
1 0.0046875 0.09765625 0.009375 0.040625