<<<<<<< HEAD
0 0.62890625 0.24609375 0.1390625 0.15625
0 0.38515625 0.2375 0.0890625 0.078125
0 0.26640625 0.22265625 0.071875 0.071875
0 0.16015625 0.22109375 0.05625 0.059375
0 0.096875 0.2375 0.053125 0.05
0 0.01328125 0.26640625 0.0265625 0.0484375
1 0.009375 0.234375 0.01875 0.0375
1 0.04453125 0.21640625 0.0375 0.0375
1 0.1109375 0.1953125 0.0296875 0.0328125
1 0.175 0.1796875 0.0359375 0.034375
1 0.22109375 0.1671875 0.0328125 0.0390625
1 0.28671875 0.15546875 0.0296875 0.034375
1 0.34921875 0.1421875 0.03125 0.0375
1 0.4109375 0.128125 0.0359375 0.0390625
1 0.46640625 0.12265625 0.0390625 0.0421875
1 0.5203125 0.1078125 0.040625 0.0421875
1 0.6171875 0.10390625 0.046875 0.040625
=======
0 0.62890625 0.24609375 0.1390625 0.15625
0 0.38515625 0.2375 0.0890625 0.078125
0 0.26640625 0.22265625 0.071875 0.071875
0 0.16015625 0.22109375 0.05625 0.059375
0 0.096875 0.2375 0.053125 0.05
0 0.01328125 0.26640625 0.0265625 0.0484375
1 0.009375 0.234375 0.01875 0.0375
1 0.04453125 0.21640625 0.0375 0.0375
1 0.1109375 0.1953125 0.0296875 0.0328125
1 0.175 0.1796875 0.0359375 0.034375
1 0.22109375 0.1671875 0.0328125 0.0390625
1 0.28671875 0.15546875 0.0296875 0.034375
1 0.34921875 0.1421875 0.03125 0.0375
1 0.4109375 0.128125 0.0359375 0.0390625
1 0.46640625 0.12265625 0.0390625 0.0421875
1 0.5203125 0.1078125 0.040625 0.0421875
1 0.6171875 0.10390625 0.046875 0.040625
>>>>>>> c9556306391b7ee450ce0db69384df37c899f0a7
1 0.76640625 0.07578125 0.053125 0.0421875