<<<<<<< HEAD
1 0.08828125 0.15625 0.0171875 0.015625
1 0.29921875 0.15625 0.01796875 0.02265625
1 0.3421875 0.15234375 0.0234375 0.02265625
1 0.3859375 0.15859375 0.02109375 0.02265625
1 0.4265625 0.1578125 0.02734375 0.028125
1 0.46328125 0.15546875 0.02265625 0.025
1 0.490625 0.15625 0.01953125 0.02734375
1 0.5125 0.15546875 0.01953125 0.02734375
1 0.5515625 0.1609375 0.03515625 0.03359375
1 0.5578125 0.1921875 0.0484375 0.05234375
1 0.5765625 0.17578125 0.03515625 0.05390625
1 0.56484375 0.1984375 0.02890625 0.04140625
1 0.5828125 0.203125 0.03828125 0.046875
1 0.61953125 0.21015625 0.04375 0.046875
1 0.68671875 0.221875 0.05546875 0.0578125
1 0.75625 0.228125 0.06328125 0.0546875
1 0.86953125 0.25234375 0.06640625 0.06328125
1 0.965625 0.2625 0.06796875 0.0734375
0 0.259375 0.17265625 0.028125 0.02734375
0 0.24375 0.175 0.0234375 0.040625
0 0.22578125 0.1734375 0.01796875 0.0359375
0 0.0515625 0.16171875 0.03125 0.01953125
0 0.1875 0.17734375 0.0296875 0.02890625
0 0.21328125 0.171875 0.03125 0.03046875
0 0.153125 0.1796875 0.0328125 0.03125
0 0.1140625 0.18359375 0.03046875 0.03125
0 0.084375 0.196875 0.03203125 0.03359375
0 0.0515625 0.20078125 0.03671875 0.03359375
=======
1 0.08828125 0.15625 0.0171875 0.015625
1 0.29921875 0.15625 0.01796875 0.02265625
1 0.3421875 0.15234375 0.0234375 0.02265625
1 0.3859375 0.15859375 0.02109375 0.02265625
1 0.4265625 0.1578125 0.02734375 0.028125
1 0.46328125 0.15546875 0.02265625 0.025
1 0.490625 0.15625 0.01953125 0.02734375
1 0.5125 0.15546875 0.01953125 0.02734375
1 0.5515625 0.1609375 0.03515625 0.03359375
1 0.5578125 0.1921875 0.0484375 0.05234375
1 0.5765625 0.17578125 0.03515625 0.05390625
1 0.56484375 0.1984375 0.02890625 0.04140625
1 0.5828125 0.203125 0.03828125 0.046875
1 0.61953125 0.21015625 0.04375 0.046875
1 0.68671875 0.221875 0.05546875 0.0578125
1 0.75625 0.228125 0.06328125 0.0546875
1 0.86953125 0.25234375 0.06640625 0.06328125
1 0.965625 0.2625 0.06796875 0.0734375
0 0.259375 0.17265625 0.028125 0.02734375
0 0.24375 0.175 0.0234375 0.040625
0 0.22578125 0.1734375 0.01796875 0.0359375
0 0.0515625 0.16171875 0.03125 0.01953125
0 0.1875 0.17734375 0.0296875 0.02890625
0 0.21328125 0.171875 0.03125 0.03046875
0 0.153125 0.1796875 0.0328125 0.03125
0 0.1140625 0.18359375 0.03046875 0.03125
0 0.084375 0.196875 0.03203125 0.03359375
0 0.0515625 0.20078125 0.03671875 0.03359375
>>>>>>> c9556306391b7ee450ce0db69384df37c899f0a7
0 0.01640625 0.20546875 0.0328125 0.0390625