0 0.01953125 0.2859375 0.0390625 0.125
0 0.14375 0.21640625 0.103125 0.1046875
0 0.2390625 0.159375 0.090625 0.1046875
0 0.31953125 0.1296875 0.0734375 0.06875
0 0.359375 0.103125 0.0625 0.059375
0 0.37421875 0.08671875 0.0515625 0.0609375
0 0.37109375 0.065625 0.0484375 0.05625
0 0.35078125 0.04921875 0.0484375 0.053125
0 0.371875 0.0375 0.03125 0.040625
0 0.41875 0.0125 0.0359375 0.0171875
1 0.90234375 0.0125 0.0484375 0.025
1 0.83515625 0.01171875 0.0421875 0.0234375
1 0.8015625 0.009375 0.034375 0.01875
1 0.7609375 0.00859375 0.034375 0.0171875
1 0.72265625 0.0078125 0.0328125 0.015625
1 0.70546875 0.00859375 0.0328125 0.0171875
1 0.678125 0.0078125 0.028125 0.015625
1 0.65 0.003125 0.015625 0.00625