1 0.0078125 0.2984375 0.015625 0.03125
1 0.0375 0.28828125 0.0328125 0.03125
1 0.09453125 0.27421875 0.0328125 0.0265625
1 0.1359375 0.26328125 0.0375 0.03125
1 0.1859375 0.25 0.0296875 0.03125
1 0.2359375 0.23984375 0.0359375 0.0296875
1 0.29375 0.225 0.034375 0.0359375
1 0.3484375 0.21328125 0.0265625 0.0296875
1 0.40390625 0.19921875 0.0328125 0.0296875
1 0.46484375 0.1796875 0.0296875 0.025
1 0.5140625 0.17421875 0.0265625 0.0265625
1 0.5578125 0.15859375 0.03125 0.03125
1 0.6046875 0.14609375 0.0265625 0.025
1 0.65078125 0.12890625 0.021875 0.0234375
1 0.69375 0.1203125 0.0296875 0.0265625
1 0.7375 0.10625 0.0265625 0.028125
1 0.78671875 0.09296875 0.0296875 0.021875
1 0.8328125 0.08125 0.028125 0.0203125
1 0.890625 0.06796875 0.0265625 0.0203125
0 0.89453125 0.08984375 0.0375 0.034375
0 0.82890625 0.10390625 0.0390625 0.0375
0 0.7890625 0.11484375 0.0359375 0.0375
0 0.73125 0.1328125 0.0328125 0.03125
0 0.6765625 0.14765625 0.034375 0.0328125
0 0.609375 0.16484375 0.0359375 0.0328125
0 0.53046875 0.18359375 0.0359375 0.03125
0 0.46171875 0.21171875 0.0390625 0.040625
0 0.38125 0.22421875 0.0375 0.0375
0 0.3046875 0.2484375 0.040625 0.0375
0 0.22265625 0.26328125 0.0359375 0.034375
0 0.15234375 0.28671875 0.040625 0.0390625
0 0.071875 0.29765625 0.0375 0.034375
0 0.009375 0.32109375 0.01875 0.0328125