1 0.97265625 0.1953125 0.0484375 0.05078125
1 0.8375 0.18359375 0.034375 0.03125
0 0.9421875 0.253125 0.06875 0.05390625
0 0.97578125 0.23125 0.04765625 0.053125
1 0.74765625 0.18671875 0.034375 0.034375
1 0.66640625 0.184375 0.0390625 0.03359375
1 0.5859375 0.19296875 0.034375 0.03359375
1 0.50703125 0.1984375 0.0390625 0.0296875
1 0.4328125 0.203125 0.0421875 0.03671875
1 0.38515625 0.20625 0.03671875 0.04375
1 0.32890625 0.21171875 0.03984375 0.04609375
1 0.25 0.22421875 0.04375 0.0515625
1 0.16328125 0.240625 0.040625 0.0484375
1 0.125 0.25234375 0.053125 0.06328125
1 0.05859375 0.2796875 0.07265625 0.0796875
1 0.01171875 0.30546875 0.0234375 0.0734375