<<<<<<< HEAD
1 0.01328125 0.31171875 0.0265625 0.08515625
1 0.06171875 0.28359375 0.071875 0.090625
1 0.121875 0.253125 0.06015625 0.0609375
1 0.16328125 0.24140625 0.0390625 0.04765625
1 0.25 0.22578125 0.0375 0.0484375
1 0.3265625 0.21328125 0.04453125 0.04140625
1 0.38671875 0.20625 0.034375 0.0421875
1 0.42890625 0.203125 0.0375 0.03671875
1 0.509375 0.1984375 0.03671875 0.03359375
1 0.584375 0.19765625 0.0375 0.02734375
1 0.66640625 0.184375 0.03515625 0.03125
1 0.74921875 0.18671875 0.03359375 0.03359375
1 0.8375 0.18671875 0.03828125 0.0375
1 0.96875 0.18984375 0.03359375 0.040625
0 0.9765625 0.22890625 0.046875 0.05546875
=======
1 0.01328125 0.31171875 0.0265625 0.08515625
1 0.06171875 0.28359375 0.071875 0.090625
1 0.121875 0.253125 0.06015625 0.0609375
1 0.16328125 0.24140625 0.0390625 0.04765625
1 0.25 0.22578125 0.0375 0.0484375
1 0.3265625 0.21328125 0.04453125 0.04140625
1 0.38671875 0.20625 0.034375 0.0421875
1 0.42890625 0.203125 0.0375 0.03671875
1 0.509375 0.1984375 0.03671875 0.03359375
1 0.584375 0.19765625 0.0375 0.02734375
1 0.66640625 0.184375 0.03515625 0.03125
1 0.74921875 0.18671875 0.03359375 0.03359375
1 0.8375 0.18671875 0.03828125 0.0375
1 0.96875 0.18984375 0.03359375 0.040625
0 0.9765625 0.22890625 0.046875 0.05546875
>>>>>>> c9556306391b7ee450ce0db69384df37c899f0a7
0 0.940625 0.2515625 0.06875 0.04765625