<<<<<<< HEAD
1 0.03515625 0.36484375 0.0234375 0.0234375
0 0.25078125 0.3109375 0.0375 0.0421875
0 0.32109375 0.29609375 0.04375 0.05
0 0.34765625 0.30703125 0.059375 0.0609375
0 0.41171875 0.30859375 0.0765625 0.0859375
0 0.50859375 0.284375 0.08125 0.096875
0 0.63671875 0.28984375 0.1171875 0.128125
=======
1 0.03515625 0.36484375 0.0234375 0.0234375
0 0.25078125 0.3109375 0.0375 0.0421875
0 0.32109375 0.29609375 0.04375 0.05
0 0.34765625 0.30703125 0.059375 0.0609375
0 0.41171875 0.30859375 0.0765625 0.0859375
0 0.50859375 0.284375 0.08125 0.096875
0 0.63671875 0.28984375 0.1171875 0.128125
>>>>>>> c9556306391b7ee450ce0db69384df37c899f0a7
0 0.89609375 0.2828125 0.153125 0.1859375