0 0.86171875 0.61953125 0.2765625 0.4140625
0 0.41796875 0.3421875 0.15 0.1578125
0 0.29140625 0.2734375 0.09375 0.09375
0 0.22421875 0.23203125 0.0625 0.065625
0 0.18515625 0.225 0.0390625 0.040625
0 0.153125 0.20625 0.04375 0.0390625
0 0.12578125 0.19921875 0.0328125 0.0328125
0 0.109375 0.19140625 0.0296875 0.03125
0 0.08984375 0.19453125 0.0203125 0.025
0 0.071875 0.18984375 0.0203125 0.0234375
0 0.03125 0.1921875 0.021875 0.025
0 0.00546875 0.20625 0.0109375 0.021875
0 0.05546875 0.184375 0.021875 0.025
1 0.796875 0.0765625 0.0609375 0.0625
1 0.6625 0.08984375 0.046875 0.0515625
1 0.571875 0.103125 0.0375 0.0359375
1 0.4921875 0.1109375 0.03125 0.028125
1 0.4359375 0.1140625 0.0296875 0.0328125
1 0.39375 0.11796875 0.028125 0.0234375
1 0.34921875 0.1234375 0.025 0.0234375
1 0.309375 0.128125 0.0234375 0.0234375
1 0.2796875 0.1328125 0.0234375 0.0265625
1 0.25234375 0.1375 0.01875 0.0203125
1 0.22890625 0.13984375 0.015625 0.0203125
1 0.2015625 0.14375 0.01875 0.0203125
1 0.1703125 0.15 0.01875 0.01875
1 0.1359375 0.15859375 0.01875 0.0203125
1 0.10859375 0.165625 0.0203125 0.0234375
1 0.003125 0.2 0.00625 0.021875