1 0.9671875 0.346875 0.065625 0.06875
1 0.88359375 0.30859375 0.0640625 0.059375
1 0.80234375 0.278125 0.053125 0.05625
1 0.72578125 0.25 0.0546875 0.0515625
1 0.68671875 0.22265625 0.04375 0.04375
1 0.65390625 0.2078125 0.046875 0.0484375
1 0.625 0.19375 0.0375 0.0390625
1 0.5984375 0.18203125 0.034375 0.0375
1 0.5671875 0.16796875 0.034375 0.0375
1 0.54375 0.15625 0.0265625 0.03125
1 0.52109375 0.14765625 0.034375 0.034375
1 0.4890625 0.1359375 0.0375 0.0375
1 0.465625 0.1234375 0.034375 0.034375
1 0.43515625 0.109375 0.025 0.0265625
1 0.4046875 0.0984375 0.028125 0.028125
1 0.371875 0.08828125 0.0265625 0.028125
1 0.33671875 0.08046875 0.0359375 0.0390625
1 0.3078125 0.06015625 0.03125 0.0328125
1 0.27265625 0.0515625 0.0328125 0.03125
0 0.2125 0.05703125 0.0375 0.0390625
0 0.2234375 0.06171875 0.040625 0.0421875
0 0.2265625 0.071875 0.0421875 0.0421875
0 0.24140625 0.0828125 0.0453125 0.0484375
0 0.25546875 0.09453125 0.046875 0.0515625
0 0.26484375 0.1109375 0.0484375 0.05
0 0.27421875 0.1234375 0.0515625 0.0546875
0 0.29921875 0.14296875 0.0703125 0.065625
0 0.3453125 0.1703125 0.0796875 0.08125
0 0.42265625 0.21953125 0.0859375 0.0796875
0 0.51953125 0.26953125 0.0953125 0.0890625
0 0.6703125 0.33359375 0.1234375 0.1125
0 0.86328125 0.4203125 0.128125 0.1203125