<<<<<<< HEAD
1 0.9875 0.2453125 0.025 0.05625
1 0.86875 0.2203125 0.0375 0.034375
0 0.9640625 0.30078125 0.071875 0.0609375
0 0.9875 0.28203125 0.025 0.0578125
1 0.77890625 0.2140625 0.0375 0.0375
1 0.6984375 0.203125 0.0421875 0.0375
1 0.6171875 0.20390625 0.0375 0.0375
1 0.53828125 0.20078125 0.0421875 0.034375
1 0.4640625 0.19765625 0.0453125 0.040625
1 0.41640625 0.19609375 0.040625 0.046875
1 0.36015625 0.1953125 0.04375 0.05
1 0.28046875 0.19921875 0.0484375 0.05625
1 0.1921875 0.20703125 0.0453125 0.053125
1 0.153125 0.21484375 0.059375 0.06875
1 0.084375 0.234375 0.08125 0.0875
=======
1 0.9875 0.2453125 0.025 0.05625
1 0.86875 0.2203125 0.0375 0.034375
0 0.9640625 0.30078125 0.071875 0.0609375
0 0.9875 0.28203125 0.025 0.0578125
1 0.77890625 0.2140625 0.0375 0.0375
1 0.6984375 0.203125 0.0421875 0.0375
1 0.6171875 0.20390625 0.0375 0.0375
1 0.53828125 0.20078125 0.0421875 0.034375
1 0.4640625 0.19765625 0.0453125 0.040625
1 0.41640625 0.19609375 0.040625 0.046875
1 0.36015625 0.1953125 0.04375 0.05
1 0.28046875 0.19921875 0.0484375 0.05625
1 0.1921875 0.20703125 0.0453125 0.053125
1 0.153125 0.21484375 0.059375 0.06875
1 0.084375 0.234375 0.08125 0.0875
>>>>>>> c9556306391b7ee450ce0db69384df37c899f0a7
1 0.034375 0.25546875 0.03125 0.075