<<<<<<< HEAD
0 0.484375 0.35078125 0.1109375 0.1375
0 0.94765625 0.3546875 0.1 0.1125
1 0.98515625 0.23046875 0.0203125 0.0375
1 0.821875 0.225 0.0453125 0.0375
1 0.63515625 0.21875 0.046875 0.0453125
1 0.4140625 0.20859375 0.05 0.046875
=======
0 0.484375 0.35078125 0.1109375 0.1375
0 0.94765625 0.3546875 0.1 0.1125
1 0.98515625 0.23046875 0.0203125 0.0375
1 0.821875 0.225 0.0453125 0.0375
1 0.63515625 0.21875 0.046875 0.0453125
1 0.4140625 0.20859375 0.05 0.046875
>>>>>>> c9556306391b7ee450ce0db69384df37c899f0a7
1 0.16640625 0.20546875 0.0578125 0.046875