<<<<<<< HEAD
0 0.97890625 0.3953125 0.0421875 0.1125
0 0.828125 0.3296875 0.1015625 0.1
0 0.72421875 0.30390625 0.08359375 0.08046875
0 0.65 0.2796875 0.06953125 0.06875
0 0.6890625 0.2484375 0.0515625 0.05546875
0 0.81015625 0.2453125 0.06640625 0.06875
1 0.88046875 0.21328125 0.03828125 0.04609375
1 0.71328125 0.2015625 0.03828125 0.03671875
1 0.59296875 0.196875 0.04609375 0.0390625
1 0.50546875 0.19765625 0.03671875 0.034375
1 0.41953125 0.2 0.0390625 0.0375
1 0.33046875 0.20234375 0.03984375 0.03828125
1 0.2453125 0.20625 0.03828125 0.040625
1 0.15546875 0.203125 0.04296875 0.04140625
1 0.0921875 0.20546875 0.04375 0.0453125
=======
0 0.97890625 0.3953125 0.0421875 0.1125
0 0.828125 0.3296875 0.1015625 0.1
0 0.72421875 0.30390625 0.08359375 0.08046875
0 0.65 0.2796875 0.06953125 0.06875
0 0.6890625 0.2484375 0.0515625 0.05546875
0 0.81015625 0.2453125 0.06640625 0.06875
1 0.88046875 0.21328125 0.03828125 0.04609375
1 0.71328125 0.2015625 0.03828125 0.03671875
1 0.59296875 0.196875 0.04609375 0.0390625
1 0.50546875 0.19765625 0.03671875 0.034375
1 0.41953125 0.2 0.0390625 0.0375
1 0.33046875 0.20234375 0.03984375 0.03828125
1 0.2453125 0.20625 0.03828125 0.040625
1 0.15546875 0.203125 0.04296875 0.04140625
1 0.0921875 0.20546875 0.04375 0.0453125
>>>>>>> c9556306391b7ee450ce0db69384df37c899f0a7
1 0.02421875 0.21640625 0.04609375 0.053125