0 0.78515625 0.7828125 0.3796875 0.434375
0 0.5015625 0.321875 0.16875 0.175
0 0.42265625 0.20234375 0.1046875 0.103125
0 0.38203125 0.13359375 0.0703125 0.071875
0 0.35078125 0.109375 0.04375 0.0453125
0 0.33125 0.07734375 0.046875 0.04375
0 0.3109375 0.05859375 0.0359375 0.0359375
0 0.3 0.04453125 0.0328125 0.034375
0 0.28125 0.03828125 0.0234375 0.028125
0 0.26796875 0.025 0.0234375 0.025
0 0.2296875 0.01015625 0.025 0.0203125
0 0.17890625 0.00625 0.0234375 0.0125
0 0.2546875 0.01328125 0.025 0.0265625
1 0.9609375 0.265625 0.0671875 0.06875
1 0.83671875 0.2140625 0.053125 0.05625
1 0.74921875 0.18359375 0.0421875 0.040625
1 0.67578125 0.153125 0.034375 0.0328125
1 0.62421875 0.12890625 0.034375 0.0359375
1 0.58515625 0.11328125 0.0296875 0.0265625
1 0.54375 0.096875 0.028125 0.0265625
1 0.50546875 0.08203125 0.0265625 0.0265625
1 0.478125 0.07265625 0.0265625 0.028125
1 0.4515625 0.0640625 0.0203125 0.0234375
1 0.4296875 0.0546875 0.01875 0.021875
1 0.40390625 0.0453125 0.021875 0.0234375
1 0.3734375 0.0359375 0.0203125 0.0203125
1 0.3390625 0.02734375 0.021875 0.0234375
1 0.3109375 0.02109375 0.0234375 0.025
1 0.15625 0.00546875 0.015625 0.0109375