0 0.72734375 0.328125 0.146875 0.1625
0 0.51171875 0.21328125 0.0921875 0.0828125
0 0.41171875 0.14765625 0.075 0.075
0 0.31640625 0.10078125 0.059375 0.0625
0 0.253125 0.0875 0.0546875 0.0515625
0 0.146875 0.06796875 0.0546875 0.0515625
1 0.13984375 0.02890625 0.040625 0.0390625
1 0.21484375 0.0453125 0.0390625 0.0390625
1 0.284375 0.05546875 0.03125 0.034375
1 0.3484375 0.06953125 0.0375 0.0359375
1 0.3953125 0.07890625 0.0359375 0.040625
1 0.459375 0.096875 0.0328125 0.0359375
1 0.52109375 0.1125 0.0328125 0.0390625
1 0.5828125 0.1265625 0.0375 0.040625
1 0.63515625 0.14609375 0.040625 0.04375
1 0.68984375 0.15625 0.0421875 0.04375
1 0.77890625 0.1953125 0.0484375 0.0421875
1 0.925 0.23515625 0.0546875 0.0453125