<<<<<<< HEAD
0 0.14453125 0.45 0.1578125 0.15625
0 0.4015625 0.30859375 0.1453125 0.146875
0 0.67265625 0.165625 0.16875 0.1625
0 0.84375 0.1296875 0.0859375 0.115625
1 0.7296875 0.02421875 0.09375 0.0484375
1 0.60859375 0.03984375 0.0859375 0.0796875
1 0.496875 0.0921875 0.078125 0.084375
1 0.40625 0.1375 0.06875 0.075
1 0.31484375 0.18671875 0.0640625 0.0703125
1 0.20390625 0.23984375 0.0625 0.0671875
1 0.1203125 0.28828125 0.075 0.0796875
1 0.0375 0.3421875 0.075 0.078125
=======
0 0.14453125 0.45 0.1578125 0.15625
0 0.4015625 0.30859375 0.1453125 0.146875
0 0.67265625 0.165625 0.16875 0.1625
0 0.84375 0.1296875 0.0859375 0.115625
1 0.7296875 0.02421875 0.09375 0.0484375
1 0.60859375 0.03984375 0.0859375 0.0796875
1 0.496875 0.0921875 0.078125 0.084375
1 0.40625 0.1375 0.06875 0.075
1 0.31484375 0.18671875 0.0640625 0.0703125
1 0.20390625 0.23984375 0.0625 0.0671875
1 0.1203125 0.28828125 0.075 0.0796875
1 0.0375 0.3421875 0.075 0.078125
>>>>>>> c9556306391b7ee450ce0db69384df37c899f0a7
1 0.02109375 0.41171875 0.0421875 0.0890625