1 0.0546875 0.24375 0.0640625 0.0984375
1 0.1171875 0.22421875 0.075 0.0859375
1 0.1703125 0.2109375 0.059375 0.0640625
1 0.2046875 0.19375 0.05 0.0546875
1 0.178125 0.16640625 0.053125 0.04375
1 0.19453125 0.15078125 0.04375 0.0375
1 0.22890625 0.14453125 0.034375 0.034375
1 0.26953125 0.14765625 0.0296875 0.0296875
1 0.3046875 0.14921875 0.028125 0.0328125
1 0.328125 0.1484375 0.028125 0.034375
1 0.37265625 0.15078125 0.028125 0.0296875
1 0.421875 0.15625 0.021875 0.025
1 0.47421875 0.16015625 0.0234375 0.0265625
1 0.521875 0.1640625 0.0265625 0.0234375
1 0.57265625 0.165625 0.021875 0.0203125
1 0.74921875 0.190625 0.025 0.021875
1 0.65 0.17890625 0.0203125 0.01875
1 0.8484375 0.21328125 0.03125 0.046875
1 0.94375 0.2109375 0.034375 0.0234375
0 0.9703125 0.303125 0.059375 0.078125
0 0.90859375 0.284375 0.065625 0.053125
0 0.846875 0.26171875 0.0578125 0.046875
0 0.78828125 0.24296875 0.0546875 0.0484375
0 0.80625 0.2078125 0.0359375 0.0296875
0 0.93203125 0.23203125 0.0375 0.0359375
0 0.73046875 0.22578125 0.046875 0.0453125
0 0.67890625 0.2171875 0.0453125 0.0359375
0 0.66796875 0.18984375 0.028125 0.0265625
0 0.63828125 0.20234375 0.03125 0.03125
0 0.609375 0.19765625 0.0296875 0.034375
0 0.58515625 0.1953125 0.028125 0.0265625