1 0.90546875 0.2265625 0.096875 0.096875
1 0.9890625 0.29296875 0.015625 0.071875
1 0.80546875 0.196875 0.0796875 0.0640625
1 0.71484375 0.1703125 0.0625 0.06875
1 0.62890625 0.16640625 0.053125 0.059375
1 0.55859375 0.15078125 0.0546875 0.0703125
1 0.48671875 0.1515625 0.04375 0.05625
1 0.4375 0.14375 0.0421875 0.0484375
1 0.36875 0.146875 0.0453125 0.05
1 0.3125 0.13984375 0.0375 0.0453125
1 0.2875 0.140625 0.0265625 0.028125
1 0.24453125 0.1421875 0.025 0.028125
1 0.20703125 0.13515625 0.03125 0.0328125
1 0.17890625 0.13671875 0.0203125 0.0296875
1 0.1578125 0.13125 0.015625 0.0265625
1 0.15078125 0.1234375 0.015625 0.025
1 0.140625 0.11953125 0.01875 0.0234375