0 0.92421875 0.52734375 0.1515625 0.2203125
0 0.44375 0.3375 0.11328125 0.13125
0 0.2375 0.27734375 0.08515625 0.08203125
0 0.1171875 0.2296875 0.06484375 0.0609375
0 0.02890625 0.2109375 0.046875 0.0625
1 0.00703125 0.1671875 0.0140625 0.03125
1 0.06015625 0.1671875 0.03203125 0.034375
1 0.109375 0.16328125 0.0359375 0.0328125
1 0.1796875 0.16328125 0.02734375 0.03046875
1 0.2453125 0.16171875 0.02890625 0.03203125
1 0.30546875 0.1609375 0.0328125 0.0390625
1 0.36171875 0.16484375 0.02734375 0.04453125
1 0.4265625 0.16796875 0.0359375 0.03671875
1 0.5140625 0.17578125 0.0359375 0.03359375
1 0.6546875 0.184375 0.04765625 0.04296875
1 0.83515625 0.2046875 0.05 0.0421875