0 0.02109375 0.28515625 0.0421875 0.07734375
0 0.05625 0.2625 0.0703125 0.05703125
0 0.12265625 0.2390625 0.05859375 0.06171875
0 0.02578125 0.17890625 0.02890625 0.03046875
0 0.14765625 0.17734375 0.0265625 0.021875
0 0.178125 0.23359375 0.05078125 0.0453125
0 0.23359375 0.2203125 0.0421875 0.040625
0 0.27421875 0.175 0.02421875 0.02265625
0 0.2875 0.209375 0.03984375 0.04140625
0 0.3390625 0.20234375 0.0359375 0.04453125
0 0.38203125 0.2 0.03359375 0.0390625
0 0.43125 0.19375 0.034375 0.03125
0 0.4015625 0.175 0.025 0.02578125
0 0.4609375 0.18828125 0.01953125 0.03125
0 0.48125 0.1890625 0.0234375 0.028125
1 0.93671875 0.275 0.07890625 0.07265625
1 0.8890625 0.25625 0.0640625 0.06796875
1 0.8546875 0.23984375 0.053125 0.04453125
1 0.825 0.22421875 0.04296875 0.05
1 0.8484375 0.2234375 0.04375 0.046875
1 0.865625 0.209375 0.03359375 0.03984375
1 0.87109375 0.19296875 0.03046875 0.040625
1 0.82578125 0.18046875 0.02890625 0.028125
1 0.784375 0.178125 0.02890625 0.028125
1 0.7578125 0.1734375 0.02734375 0.028125
1 0.7296875 0.171875 0.02265625 0.02734375
1 0.6890625 0.16640625 0.025 0.02890625
1 0.63828125 0.171875 0.02265625 0.02578125
1 0.59140625 0.16796875 0.0171875 0.025
1 0.54375 0.1671875 0.01796875 0.021875
1 0.48984375 0.16796875 0.021875 0.0265625
1 0.421875 0.16875 0.0171875 0.02109375
1 0.328125 0.16484375 0.02421875 0.01875
1 0.23046875 0.16640625 0.025 0.02109375
1 0.14140625 0.1625 0.02890625 0.01640625
1 0.05859375 0.16875 0.02578125 0.02265625