<<<<<<< HEAD
0 0.96328125 0.184375 0.01875 0.021875
0 0.91796875 0.18125 0.01875 0.015625
0 0.88125 0.18515625 0.0140625 0.0140625
0 0.8375 0.184375 0.0171875 0.01796875
0 0.80078125 0.18359375 0.0140625 0.01953125
0 0.76484375 0.184375 0.0171875 0.01875
0 0.728125 0.184375 0.0171875 0.0203125
0 0.69296875 0.18515625 0.01484375 0.01796875
0 0.6421875 0.18828125 0.02265625 0.0171875
0 0.6 0.1921875 0.01953125 0.01953125
0 0.55625 0.19296875 0.0203125 0.02109375
0 0.51015625 0.190625 0.0203125 0.0203125
0 0.46328125 0.1921875 0.0234375 0.0234375
0 0.40625 0.19609375 0.025 0.021875
0 0.35234375 0.19375 0.02421875 0.01875
0 0.29140625 0.190625 0.025 0.021875
0 0.23359375 0.19140625 0.0265625 0.02421875
0 0.16875 0.190625 0.025 0.02421875
0 0.1171875 0.19140625 0.02265625 0.028125
0 0.07421875 0.19375 0.01953125 0.02578125
0 0.0109375 0.19375 0.02109375 0.0234375
1 0.00703125 0.178125 0.0140625 0.01484375
1 0.04921875 0.18046875 0.02109375 0.0203125
1 0.09765625 0.18046875 0.01796875 0.01953125
1 0.14296875 0.1796875 0.01796875 0.02265625
1 0.18828125 0.18125 0.01875 0.01953125
1 0.27734375 0.1828125 0.0171875 0.0203125
1 0.325 0.178125 0.015625 0.0203125
1 0.3671875 0.18046875 0.0171875 0.01953125
1 0.4125 0.1796875 0.0203125 0.01640625
1 0.45234375 0.1796875 0.02265625 0.0234375
1 0.49375 0.178125 0.0125 0.01640625
1 0.5265625 0.178125 0.01484375 0.01953125
1 0.615625 0.178125 0.01875 0.01953125
1 0.5859375 0.17734375 0.01875 0.0140625
1 0.56171875 0.178125 0.01796875 0.01640625
1 0.65546875 0.178125 0.0109375 0.02265625
1 0.68046875 0.18046875 0.01328125 0.02265625
1 0.709375 0.1765625 0.0203125 0.02265625
1 0.74375 0.1734375 0.0171875 0.01640625
1 0.77890625 0.17578125 0.01484375 0.02109375
1 0.8125 0.17421875 0.0125 0.01796875
1 0.8453125 0.1734375 0.021875 0.0203125
1 0.88359375 0.17421875 0.0203125 0.02109375
=======
0 0.96328125 0.184375 0.01875 0.021875
0 0.91796875 0.18125 0.01875 0.015625
0 0.88125 0.18515625 0.0140625 0.0140625
0 0.8375 0.184375 0.0171875 0.01796875
0 0.80078125 0.18359375 0.0140625 0.01953125
0 0.76484375 0.184375 0.0171875 0.01875
0 0.728125 0.184375 0.0171875 0.0203125
0 0.69296875 0.18515625 0.01484375 0.01796875
0 0.6421875 0.18828125 0.02265625 0.0171875
0 0.6 0.1921875 0.01953125 0.01953125
0 0.55625 0.19296875 0.0203125 0.02109375
0 0.51015625 0.190625 0.0203125 0.0203125
0 0.46328125 0.1921875 0.0234375 0.0234375
0 0.40625 0.19609375 0.025 0.021875
0 0.35234375 0.19375 0.02421875 0.01875
0 0.29140625 0.190625 0.025 0.021875
0 0.23359375 0.19140625 0.0265625 0.02421875
0 0.16875 0.190625 0.025 0.02421875
0 0.1171875 0.19140625 0.02265625 0.028125
0 0.07421875 0.19375 0.01953125 0.02578125
0 0.0109375 0.19375 0.02109375 0.0234375
1 0.00703125 0.178125 0.0140625 0.01484375
1 0.04921875 0.18046875 0.02109375 0.0203125
1 0.09765625 0.18046875 0.01796875 0.01953125
1 0.14296875 0.1796875 0.01796875 0.02265625
1 0.18828125 0.18125 0.01875 0.01953125
1 0.27734375 0.1828125 0.0171875 0.0203125
1 0.325 0.178125 0.015625 0.0203125
1 0.3671875 0.18046875 0.0171875 0.01953125
1 0.4125 0.1796875 0.0203125 0.01640625
1 0.45234375 0.1796875 0.02265625 0.0234375
1 0.49375 0.178125 0.0125 0.01640625
1 0.5265625 0.178125 0.01484375 0.01953125
1 0.615625 0.178125 0.01875 0.01953125
1 0.5859375 0.17734375 0.01875 0.0140625
1 0.56171875 0.178125 0.01796875 0.01640625
1 0.65546875 0.178125 0.0109375 0.02265625
1 0.68046875 0.18046875 0.01328125 0.02265625
1 0.709375 0.1765625 0.0203125 0.02265625
1 0.74375 0.1734375 0.0171875 0.01640625
1 0.77890625 0.17578125 0.01484375 0.02109375
1 0.8125 0.17421875 0.0125 0.01796875
1 0.8453125 0.1734375 0.021875 0.0203125
1 0.88359375 0.17421875 0.0203125 0.02109375
>>>>>>> c9556306391b7ee450ce0db69384df37c899f0a7
1 0.94921875 0.178125 0.015625 0.01953125