0 0.8859375 0.4140625 0.1125 0.1265625
0 0.73203125 0.35546875 0.09375 0.109375
0 0.65625 0.3140625 0.0765625 0.0921875
0 0.5859375 0.27734375 0.0671875 0.0828125
0 0.53671875 0.26015625 0.0578125 0.0671875
0 0.5140625 0.24609375 0.04375 0.0609375
0 0.465625 0.23203125 0.0546875 0.0625
0 0.359375 0.2109375 0.0515625 0.0640625
0 0.26328125 0.19296875 0.05 0.053125
0 0.1484375 0.16796875 0.04375 0.0453125
0 0.11171875 0.1640625 0.0515625 0.05625
0 0.0890625 0.15234375 0.0375 0.046875
0 0.13046875 0.134375 0.028125 0.028125
0 0.1546875 0.14765625 0.0328125 0.028125
0 0.22421875 0.12734375 0.025 0.0296875
0 0.30234375 0.13828125 0.0265625 0.0265625
0 0.3875 0.1546875 0.015625 0.01875
0 0.4609375 0.16328125 0.021875 0.021875
0 0.52890625 0.17578125 0.0171875 0.021875
0 0.578125 0.18125 0.015625 0.01875
0 0.6171875 0.18671875 0.0109375 0.0171875
0 0.65234375 0.18984375 0.009375 0.009375
0 0.6875 0.1953125 0.01875 0.0171875
0 0.70703125 0.196875 0.0109375 0.0171875
0 0.73828125 0.203125 0.015625 0.015625
0 0.76171875 0.21171875 0.0140625 0.01875
0 0.79921875 0.21640625 0.015625 0.01875
1 0.75859375 0.203125 0.0140625 0.0140625
1 0.72734375 0.19765625 0.0140625 0.01875
1 0.6109375 0.18125 0.015625 0.01875
1 0.40234375 0.14921875 0.0171875 0.0171875
1 0.3390625 0.13984375 0.0171875 0.025
1 0.25703125 0.128125 0.01875 0.0234375
1 0.20078125 0.12265625 0.021875 0.0234375