<<<<<<< HEAD
0 0.8828125 0.2890625 0.0765625 0.0671875
0 0.76328125 0.25078125 0.0609375 0.04375
0 0.69609375 0.221875 0.04375 0.04375
0 0.65234375 0.20078125 0.0390625 0.0328125
0 0.61796875 0.18671875 0.028125 0.028125
0 0.59609375 0.1765625 0.0234375 0.0265625
0 0.5828125 0.16875 0.0171875 0.0203125
0 0.56953125 0.16328125 0.021875 0.0203125
0 0.55703125 0.15625 0.01875 0.0171875
0 0.54140625 0.1484375 0.015625 0.0171875
0 0.53515625 0.14609375 0.0125 0.015625
0 0.52421875 0.1453125 0.0109375 0.0140625
0 0.51953125 0.1421875 0.009375 0.0140625
1 0.084375 0.10234375 0.021875 0.0234375
1 0.0734375 0.19140625 0.0671875 0.065625
1 0.1421875 0.171875 0.0546875 0.0546875
1 0.19296875 0.16328125 0.040625 0.0359375
1 0.22734375 0.15625 0.0375 0.0359375
1 0.24765625 0.1484375 0.025 0.03125
1 0.26796875 0.1375 0.025 0.0265625
1 0.28046875 0.1359375 0.0171875 0.021875
1 0.29921875 0.134375 0.025 0.0203125
1 0.30625 0.1296875 0.0171875 0.015625
=======
0 0.8828125 0.2890625 0.0765625 0.0671875
0 0.76328125 0.25078125 0.0609375 0.04375
0 0.69609375 0.221875 0.04375 0.04375
0 0.65234375 0.20078125 0.0390625 0.0328125
0 0.61796875 0.18671875 0.028125 0.028125
0 0.59609375 0.1765625 0.0234375 0.0265625
0 0.5828125 0.16875 0.0171875 0.0203125
0 0.56953125 0.16328125 0.021875 0.0203125
0 0.55703125 0.15625 0.01875 0.0171875
0 0.54140625 0.1484375 0.015625 0.0171875
0 0.53515625 0.14609375 0.0125 0.015625
0 0.52421875 0.1453125 0.0109375 0.0140625
0 0.51953125 0.1421875 0.009375 0.0140625
1 0.084375 0.10234375 0.021875 0.0234375
1 0.0734375 0.19140625 0.0671875 0.065625
1 0.1421875 0.171875 0.0546875 0.0546875
1 0.19296875 0.16328125 0.040625 0.0359375
1 0.22734375 0.15625 0.0375 0.0359375
1 0.24765625 0.1484375 0.025 0.03125
1 0.26796875 0.1375 0.025 0.0265625
1 0.28046875 0.1359375 0.0171875 0.021875
1 0.29921875 0.134375 0.025 0.0203125
1 0.30625 0.1296875 0.0171875 0.015625
>>>>>>> c9556306391b7ee450ce0db69384df37c899f0a7
1 0.31640625 0.12734375 0.0234375 0.01875