<<<<<<< HEAD
1 0.99609375 0.2234375 0.0078125 0.021875
1 0.93671875 0.20859375 0.0203125 0.01875
1 0.77734375 0.1796875 0.0234375 0.025
1 0.85390625 0.20390625 0.025 0.0265625
1 0.590625 0.15546875 0.0234375 0.0171875
1 0.62890625 0.15859375 0.01875 0.0171875
1 0.55 0.14921875 0.0203125 0.0234375
1 0.5140625 0.14453125 0.0234375 0.0203125
1 0.4765625 0.13828125 0.0265625 0.025
1 0.4421875 0.134375 0.021875 0.021875
1 0.42421875 0.13203125 0.0234375 0.028125
1 0.40390625 0.13046875 0.021875 0.028125
1 0.378125 0.128125 0.0203125 0.0171875
1 0.34296875 0.128125 0.0328125 0.0234375
1 0.4015625 0.15859375 0.0296875 0.0375
1 0.384375 0.15859375 0.021875 0.0390625
1 0.37265625 0.15625 0.0265625 0.0390625
1 0.35390625 0.16875 0.04375 0.05
1 0.315625 0.165625 0.053125 0.0484375
=======
1 0.99609375 0.2234375 0.0078125 0.021875
1 0.93671875 0.20859375 0.0203125 0.01875
1 0.77734375 0.1796875 0.0234375 0.025
1 0.85390625 0.20390625 0.025 0.0265625
1 0.590625 0.15546875 0.0234375 0.0171875
1 0.62890625 0.15859375 0.01875 0.0171875
1 0.55 0.14921875 0.0203125 0.0234375
1 0.5140625 0.14453125 0.0234375 0.0203125
1 0.4765625 0.13828125 0.0265625 0.025
1 0.4421875 0.134375 0.021875 0.021875
1 0.42421875 0.13203125 0.0234375 0.028125
1 0.40390625 0.13046875 0.021875 0.028125
1 0.378125 0.128125 0.0203125 0.0171875
1 0.34296875 0.128125 0.0328125 0.0234375
1 0.4015625 0.15859375 0.0296875 0.0375
1 0.384375 0.15859375 0.021875 0.0390625
1 0.37265625 0.15625 0.0265625 0.0390625
1 0.35390625 0.16875 0.04375 0.05
1 0.315625 0.165625 0.053125 0.0484375
>>>>>>> c9556306391b7ee450ce0db69384df37c899f0a7
1 0.25546875 0.17265625 0.0625 0.0703125