<<<<<<< HEAD
0 0.90859375 0.19296875 0.065625 0.1046875
0 0.78046875 0.18515625 0.10625 0.1
0 0.66171875 0.2078125 0.0875 0.0875
0 0.78046875 0.109375 0.05625 0.05625
1 0.88125 0.05234375 0.0171875 0.028125
1 0.64765625 0.11953125 0.0375 0.0375
1 0.51796875 0.16171875 0.034375 0.0375
1 0.4171875 0.19140625 0.0296875 0.0296875
0 0.46328125 0.22734375 0.0625 0.0515625
0 0.49140625 0.20859375 0.065625 0.0671875
0 0.50703125 0.2203125 0.05 0.053125
0 0.56484375 0.21640625 0.078125 0.0796875
0 0.578125 0.1703125 0.053125 0.05625
1 0.35390625 0.21484375 0.0375 0.0359375
1 0.2890625 0.22890625 0.0328125 0.034375
1 0.221875 0.25546875 0.0375 0.0390625
1 0.159375 0.2796875 0.040625 0.0421875
1 0.090625 0.30234375 0.0421875 0.04375
1 0.040625 0.31484375 0.0421875 0.0453125
1 0.0125 0.33828125 0.025 0.0453125
=======
0 0.90859375 0.19296875 0.065625 0.1046875
0 0.78046875 0.18515625 0.10625 0.1
0 0.66171875 0.2078125 0.0875 0.0875
0 0.78046875 0.109375 0.05625 0.05625
1 0.88125 0.05234375 0.0171875 0.028125
1 0.64765625 0.11953125 0.0375 0.0375
1 0.51796875 0.16171875 0.034375 0.0375
1 0.4171875 0.19140625 0.0296875 0.0296875
0 0.46328125 0.22734375 0.0625 0.0515625
0 0.49140625 0.20859375 0.065625 0.0671875
0 0.50703125 0.2203125 0.05 0.053125
0 0.56484375 0.21640625 0.078125 0.0796875
0 0.578125 0.1703125 0.053125 0.05625
1 0.35390625 0.21484375 0.0375 0.0359375
1 0.2890625 0.22890625 0.0328125 0.034375
1 0.221875 0.25546875 0.0375 0.0390625
1 0.159375 0.2796875 0.040625 0.0421875
1 0.090625 0.30234375 0.0421875 0.04375
1 0.040625 0.31484375 0.0421875 0.0453125
1 0.0125 0.33828125 0.025 0.0453125
>>>>>>> c9556306391b7ee450ce0db69384df37c899f0a7
1 0.00859375 0.36640625 0.0171875 0.0484375