0 0.00703125 0.4640625 0.0140625 0.04375
0 0.01328125 0.4375 0.0265625 0.05
0 0.01015625 0.41484375 0.0203125 0.0359375
0 0.00859375 0.3953125 0.0171875 0.034375
0 0.00703125 0.37734375 0.0140625 0.0296875
0 0.0078125 0.3671875 0.015625 0.03125
0 0.0078125 0.36015625 0.015625 0.0234375
0 0.00859375 0.3546875 0.0171875 0.021875
0 0.01328125 0.3484375 0.021875 0.0234375
0 0.021875 0.34140625 0.01875 0.021875
1 0.178125 0.26796875 0.0125 0.0125
1 0.1875 0.26640625 0.015625 0.015625
1 0.19609375 0.2640625 0.015625 0.015625
1 0.20625 0.26328125 0.0125 0.0140625
1 0.21796875 0.2625 0.015625 0.0171875
1 0.23125 0.25625 0.0171875 0.0203125
1 0.246875 0.25859375 0.025 0.028125
1 0.2625 0.25859375 0.0265625 0.025
1 0.28359375 0.24765625 0.0296875 0.028125
1 0.31015625 0.24296875 0.0359375 0.0359375
1 0.346875 0.234375 0.040625 0.0421875
1 0.38828125 0.23203125 0.046875 0.0453125
1 0.45078125 0.225 0.0578125 0.0546875
1 0.51328125 0.21328125 0.0734375 0.0734375
1 0.6296875 0.21015625 0.0890625 0.0828125
1 0.84609375 0.18515625 0.1328125 0.128125