<<<<<<< HEAD
1 0.0265625 0.3 0.053125 0.09296875
1 0.08671875 0.27265625 0.06640625 0.07890625
1 0.1375 0.253125 0.053125 0.0578125
1 0.16953125 0.23203125 0.04375 0.05
1 0.13984375 0.2078125 0.0484375 0.03828125
1 0.15390625 0.190625 0.040625 0.0328125
1 0.1875 0.18046875 0.03046875 0.03125
1 0.228125 0.178125 0.0265625 0.02734375
1 0.26328125 0.17578125 0.025 0.0296875
1 0.28671875 0.171875 0.02421875 0.03125
1 0.33125 0.16875 0.02421875 0.02734375
1 0.38046875 0.16796875 0.01875 0.0234375
1 0.4328125 0.165625 0.0203125 0.025
1 0.48046875 0.1640625 0.0234375 0.02109375
1 0.53125 0.159375 0.0203125 0.01796875
1 0.709375 0.1625 0.0234375 0.01953125
1 0.61015625 0.16328125 0.01796875 0.01640625
1 0.8109375 0.17265625 0.02578125 0.04375
1 0.90546875 0.15859375 0.03203125 0.01953125
1 0.9890625 0.16484375 0.02109375 0.03359375
0 0.953125 0.24609375 0.0703125 0.06953125
0 0.990625 0.27890625 0.01875 0.06796875
0 0.87890625 0.2359375 0.06015625 0.046875
0 0.81484375 0.22109375 0.05390625 0.040625
0 0.7546875 0.21015625 0.04921875 0.04296875
0 0.76796875 0.17265625 0.0328125 0.0265625
0 0.89609375 0.18125 0.034375 0.03125
0 0.6953125 0.2 0.0421875 0.03984375
0 0.64296875 0.19765625 0.0421875 0.03125
0 0.62890625 0.171875 0.02578125 0.0234375
0 0.60078125 0.1875 0.028125 0.028125
0 0.571875 0.18671875 0.02578125 0.03203125
=======
1 0.0265625 0.3 0.053125 0.09296875
1 0.08671875 0.27265625 0.06640625 0.07890625
1 0.1375 0.253125 0.053125 0.0578125
1 0.16953125 0.23203125 0.04375 0.05
1 0.13984375 0.2078125 0.0484375 0.03828125
1 0.15390625 0.190625 0.040625 0.0328125
1 0.1875 0.18046875 0.03046875 0.03125
1 0.228125 0.178125 0.0265625 0.02734375
1 0.26328125 0.17578125 0.025 0.0296875
1 0.28671875 0.171875 0.02421875 0.03125
1 0.33125 0.16875 0.02421875 0.02734375
1 0.38046875 0.16796875 0.01875 0.0234375
1 0.4328125 0.165625 0.0203125 0.025
1 0.48046875 0.1640625 0.0234375 0.02109375
1 0.53125 0.159375 0.0203125 0.01796875
1 0.709375 0.1625 0.0234375 0.01953125
1 0.61015625 0.16328125 0.01796875 0.01640625
1 0.8109375 0.17265625 0.02578125 0.04375
1 0.90546875 0.15859375 0.03203125 0.01953125
1 0.9890625 0.16484375 0.02109375 0.03359375
0 0.953125 0.24609375 0.0703125 0.06953125
0 0.990625 0.27890625 0.01875 0.06796875
0 0.87890625 0.2359375 0.06015625 0.046875
0 0.81484375 0.22109375 0.05390625 0.040625
0 0.7546875 0.21015625 0.04921875 0.04296875
0 0.76796875 0.17265625 0.0328125 0.0265625
0 0.89609375 0.18125 0.034375 0.03125
0 0.6953125 0.2 0.0421875 0.03984375
0 0.64296875 0.19765625 0.0421875 0.03125
0 0.62890625 0.171875 0.02578125 0.0234375
0 0.60078125 0.1875 0.028125 0.028125
0 0.571875 0.18671875 0.02578125 0.03203125
>>>>>>> c9556306391b7ee450ce0db69384df37c899f0a7
0 0.54765625 0.1875 0.025 0.02421875