<<<<<<< HEAD
0 0.9546875 0.34609375 0.090625 0.1359375
0 0.83828125 0.26328125 0.0796875 0.1015625
0 0.7640625 0.21171875 0.06875 0.08125
0 0.6875 0.1703125 0.05625 0.0734375
0 0.646875 0.1359375 0.0375 0.0484375
0 0.5828125 0.103125 0.0328125 0.0375
1 0.2609375 0.015625 0.03125 0.03125
=======
0 0.9546875 0.34609375 0.090625 0.1359375
0 0.83828125 0.26328125 0.0796875 0.1015625
0 0.7640625 0.21171875 0.06875 0.08125
0 0.6875 0.1703125 0.05625 0.0734375
0 0.646875 0.1359375 0.0375 0.0484375
0 0.5828125 0.103125 0.0328125 0.0375
1 0.2609375 0.015625 0.03125 0.03125
>>>>>>> c9556306391b7ee450ce0db69384df37c899f0a7
1 0.18203125 0.01484375 0.0421875 0.0296875