1 0.09453125 0.14921875 0.0171875 0.015625
1 0.30546875 0.153125 0.01875 0.0234375
1 0.3484375 0.15 0.0234375 0.0234375
1 0.3921875 0.15703125 0.021875 0.0234375
1 0.4328125 0.15625 0.028125 0.028125
1 0.46953125 0.1546875 0.0234375 0.025
1 0.496875 0.15625 0.0203125 0.028125
1 0.51875 0.15546875 0.0203125 0.028125
1 0.5578125 0.16171875 0.0359375 0.034375
1 0.56328125 0.19296875 0.05 0.053125
1 0.58203125 0.17734375 0.0359375 0.0546875
1 0.5703125 0.2 0.0296875 0.0421875
1 0.58828125 0.2046875 0.0390625 0.046875
1 0.62421875 0.2125 0.0453125 0.046875
1 0.69140625 0.225 0.05625 0.059375
1 0.7609375 0.2328125 0.0640625 0.05625
1 0.8734375 0.25859375 0.0671875 0.0640625
1 0.9671875 0.2703125 0.065625 0.075
0 0.26484375 0.16875 0.028125 0.028125
0 0.24921875 0.1703125 0.0234375 0.040625
0 0.23125 0.16875 0.01875 0.0359375
0 0.0578125 0.15390625 0.03125 0.0203125
0 0.19296875 0.171875 0.0296875 0.0296875
0 0.21875 0.1671875 0.03125 0.03125
0 0.15859375 0.1734375 0.0328125 0.03125
0 0.11953125 0.1765625 0.03125 0.03125
0 0.08984375 0.18984375 0.0328125 0.034375
0 0.05703125 0.19296875 0.0375 0.034375
0 0.021875 0.196875 0.0328125 0.0390625