1 0.83984375 0.08515625 0.025 0.0234375
1 0.671875 0.1078125 0.0296875 0.01875
1 0.63125 0.12265625 0.03125 0.034375
1 0.58828125 0.12734375 0.0234375 0.01875
1 0.54453125 0.1359375 0.028125 0.01875
1 0.50859375 0.14375 0.021875 0.0234375
1 0.46796875 0.15390625 0.0265625 0.0265625
1 0.44296875 0.15703125 0.0265625 0.025
1 0.42265625 0.1671875 0.0234375 0.028125
1 0.3875 0.17578125 0.028125 0.034375
1 0.36328125 0.18671875 0.0453125 0.04375
1 0.3859375 0.203125 0.05625 0.0625
1 0.35703125 0.221875 0.0546875 0.0578125
1 0.3296875 0.2390625 0.0515625 0.0546875
1 0.2640625 0.2625 0.0640625 0.0671875
1 0.19296875 0.284375 0.078125 0.071875
1 0.08828125 0.32734375 0.0765625 0.0796875
1 0.02109375 0.35625 0.0421875 0.090625
0 0.875 0.08515625 0.0328125 0.03125
0 0.91796875 0.1203125 0.0421875 0.0515625
0 0.88203125 0.121875 0.0375 0.040625
0 0.853125 0.121875 0.0375 0.040625
0 0.81640625 0.11796875 0.040625 0.0421875
0 0.778125 0.121875 0.0421875 0.040625
0 0.74375 0.12265625 0.0359375 0.0328125
0 0.71015625 0.1234375 0.025 0.034375
0 0.696875 0.12421875 0.0328125 0.0328125
0 0.67421875 0.13203125 0.0296875 0.0328125