<<<<<<< HEAD
0 0.70234375 0.41015625 0.1515625 0.1296875
0 0.9234375 0.43359375 0.153125 0.1546875
0 0.94609375 0.20859375 0.0203125 0.015625
0 0.884375 0.18984375 0.0171875 0.0203125
0 0.82578125 0.175 0.0140625 0.0140625
0 0.77265625 0.159375 0.0140625 0.0140625
0 0.7234375 0.14765625 0.0109375 0.0125
0 0.68046875 0.13359375 0.0125 0.0125
0 0.634375 0.11953125 0.015625 0.015625
0 0.596875 0.1125 0.0109375 0.0140625
0 0.565625 0.10234375 0.015625 0.0140625
1 0.665625 0.1265625 0.0125 0.0140625
1 0.7015625 0.13515625 0.0125 0.015625
1 0.7421875 0.14765625 0.015625 0.015625
1 0.784375 0.1578125 0.0140625 0.015625
1 0.87421875 0.18203125 0.015625 0.0140625
1 0.9234375 0.1953125 0.0140625 0.0125
=======
0 0.70234375 0.41015625 0.1515625 0.1296875
0 0.9234375 0.43359375 0.153125 0.1546875
0 0.94609375 0.20859375 0.0203125 0.015625
0 0.884375 0.18984375 0.0171875 0.0203125
0 0.82578125 0.175 0.0140625 0.0140625
0 0.77265625 0.159375 0.0140625 0.0140625
0 0.7234375 0.14765625 0.0109375 0.0125
0 0.68046875 0.13359375 0.0125 0.0125
0 0.634375 0.11953125 0.015625 0.015625
0 0.596875 0.1125 0.0109375 0.0140625
0 0.565625 0.10234375 0.015625 0.0140625
1 0.665625 0.1265625 0.0125 0.0140625
1 0.7015625 0.13515625 0.0125 0.015625
1 0.7421875 0.14765625 0.015625 0.015625
1 0.784375 0.1578125 0.0140625 0.015625
1 0.87421875 0.18203125 0.015625 0.0140625
1 0.9234375 0.1953125 0.0140625 0.0125
>>>>>>> c9556306391b7ee450ce0db69384df37c899f0a7
1 0.971875 0.21171875 0.0171875 0.015625