1 0.75546875 0.1890625 0.0359375 0.04375
1 0.99609375 0.184375 0.0078125 0.0296875
1 0.6140625 0.1890625 0.03046875 0.0359375
1 0.51015625 0.1828125 0.02734375 0.0265625
1 0.4453125 0.1796875 0.0328125 0.02890625
1 0.3765625 0.18125 0.02578125 0.03046875
1 0.309375 0.19140625 0.03671875 0.03203125
1 0.2375 0.18828125 0.03125 0.0328125
1 0.16484375 0.19296875 0.03125 0.0328125
1 0.115625 0.19453125 0.034375 0.03671875
1 0.071875 0.196875 0.03671875 0.0421875
1 0.01484375 0.209375 0.02890625 0.04375
0 0.6671875 0.20703125 0.03828125 0.04296875
0 0.58203125 0.2125 0.046875 0.04140625
0 0.54453125 0.22890625 0.053125 0.04765625
0 0.59140625 0.2375 0.04375 0.04765625
0 0.646875 0.2484375 0.06171875 0.05625
0 0.884375 0.2109375 0.0546875 0.04296875
0 0.73671875 0.26484375 0.06875 0.071875
0 0.86015625 0.28125 0.09140625 0.078125
0 0.98046875 0.31875 0.03828125 0.0796875