0 0.66796875 0.1828125 0.0171875 0.0171875
0 0.2796875 0.121875 0.0875 0.08125
0 0.39921875 0.15078125 0.06875 0.0625
0 0.47265625 0.15859375 0.0546875 0.0546875
0 0.5203125 0.16640625 0.0453125 0.040625
0 0.5609375 0.1703125 0.034375 0.034375
0 0.58359375 0.171875 0.0234375 0.025
0 0.60078125 0.171875 0.0296875 0.028125
0 0.6140625 0.171875 0.03125 0.028125
0 0.6265625 0.175 0.028125 0.025
0 0.64453125 0.17734375 0.01875 0.021875
0 0.65546875 0.1796875 0.0203125 0.0203125
1 0.8453125 0.2703125 0.021875 0.0203125
1 0.971875 0.40078125 0.05625 0.0609375
1 0.9375 0.36953125 0.0515625 0.0453125
1 0.9109375 0.34609375 0.0421875 0.0390625
1 0.896875 0.32578125 0.034375 0.0328125
1 0.8828125 0.3109375 0.0328125 0.034375
1 0.875 0.3078125 0.0296875 0.0328125
1 0.85859375 0.2875 0.0265625 0.025
1 0.8546875 0.278125 0.0234375 0.0234375