1 0.91015625 0.23359375 0.0953125 0.0953125
1 0.99296875 0.3015625 0.0140625 0.071875
1 0.8109375 0.20234375 0.07890625 0.0625
1 0.7203125 0.17421875 0.06171875 0.0671875
1 0.634375 0.16875 0.05234375 0.0578125
1 0.56484375 0.1515625 0.05390625 0.06953125
1 0.49296875 0.1515625 0.0421875 0.05546875
1 0.44375 0.14296875 0.040625 0.0484375
1 0.375 0.14453125 0.04453125 0.05
1 0.31875 0.13671875 0.03671875 0.0453125
1 0.29375 0.13671875 0.02578125 0.02734375
1 0.25078125 0.1375 0.02421875 0.02734375
1 0.21328125 0.13046875 0.03125 0.0328125
1 0.18515625 0.13125 0.0203125 0.0296875
1 0.1640625 0.125 0.015625 0.0265625
1 0.15703125 0.1171875 0.01484375 0.02421875
1 0.14765625 0.11328125 0.01875 0.02265625