1 0.9671875 0.18515625 0.0609375 0.0734375
1 0.88125 0.17421875 0.05078125 0.06796875
1 0.8125 0.1625 0.04453125 0.0578125
1 0.75078125 0.153125 0.03984375 0.0484375
1 0.696875 0.14296875 0.0390625 0.04765625
1 0.64609375 0.14140625 0.03671875 0.0421875
1 0.59765625 0.13359375 0.0375 0.04609375
1 0.55625 0.12890625 0.03515625 0.04140625
1 0.515625 0.12578125 0.028125 0.0359375
1 0.475 0.1234375 0.0234375 0.03515625
1 0.43671875 0.121875 0.0296875 0.0265625
1 0.3875 0.11875 0.02109375 0.02734375
1 0.346875 0.11875 0.02265625 0.02578125
1 0.2984375 0.11484375 0.03125 0.03125
1 0.2515625 0.1140625 0.0234375 0.02734375
0 0.01015625 0.13203125 0.01953125 0.0328125
0 0.0390625 0.13671875 0.02421875 0.03046875
0 0.06953125 0.13828125 0.03359375 0.03671875
0 0.109375 0.14140625 0.03359375 0.04296875
0 0.1421875 0.1453125 0.02578125 0.0421875
0 0.15390625 0.15078125 0.021875 0.040625
0 0.1703125 0.1546875 0.02890625 0.04375
0 0.1890625 0.16875 0.0390625 0.04765625
0 0.20234375 0.18984375 0.05 0.05859375
0 0.2140625 0.21328125 0.06796875 0.06796875
0 0.228125 0.2578125 0.08515625 0.08203125
0 0.25703125 0.29375 0.09453125 0.0984375
0 0.2984375 0.3578125 0.1375 0.13203125
0 0.41953125 0.4640625 0.1890625 0.21875
0 0.78671875 0.75 0.3140625 0.359375