<<<<<<< HEAD
1 0.009375 0.16640625 0.01875 0.0703125
1 0.06015625 0.13046875 0.0703125 0.06953125
1 0.140625 0.109375 0.0609375 0.06171875
1 0.21953125 0.084375 0.05390625 0.0578125
1 0.275 0.078125 0.046875 0.0484375
1 0.32734375 0.07578125 0.03828125 0.04609375
1 0.37890625 0.0640625 0.0390625 0.03984375
1 0.434375 0.059375 0.034375 0.0359375
1 0.4625 0.05234375 0.03125 0.0359375
1 0.50546875 0.0453125 0.0296875 0.02890625
1 0.5328125 0.04140625 0.02890625 0.0359375
1 0.56640625 0.0390625 0.025 0.02265625
1 0.58828125 0.0296875 0.01875 0.02734375
1 0.628125 0.01796875 0.01484375 0.01484375
1 0.65390625 0.01171875 0.01015625 0.01328125
1 0.690625 0.01171875 0.0125 0.0171875
1 0.72265625 0.009375 0.01796875 0.01640625
1 0.75859375 0.009375 0.02109375 0.01875
0 0.79140625 0.01015625 0.01640625 0.0203125
0 0.80625 0.01171875 0.01796875 0.02265625
0 0.82109375 0.01015625 0.01640625 0.0203125
0 0.840625 0.0125 0.0203125 0.02421875
0 0.8875 0.01796875 0.0203125 0.0296875
0 0.9078125 0.0265625 0.02265625 0.03515625
0 0.94140625 0.0328125 0.04765625 0.040625
0 0.91484375 0.0734375 0.06640625 0.06484375
0 0.92421875 0.0984375 0.05390625 0.05546875
=======
1 0.009375 0.16640625 0.01875 0.0703125
1 0.06015625 0.13046875 0.0703125 0.06953125
1 0.140625 0.109375 0.0609375 0.06171875
1 0.21953125 0.084375 0.05390625 0.0578125
1 0.275 0.078125 0.046875 0.0484375
1 0.32734375 0.07578125 0.03828125 0.04609375
1 0.37890625 0.0640625 0.0390625 0.03984375
1 0.434375 0.059375 0.034375 0.0359375
1 0.4625 0.05234375 0.03125 0.0359375
1 0.50546875 0.0453125 0.0296875 0.02890625
1 0.5328125 0.04140625 0.02890625 0.0359375
1 0.56640625 0.0390625 0.025 0.02265625
1 0.58828125 0.0296875 0.01875 0.02734375
1 0.628125 0.01796875 0.01484375 0.01484375
1 0.65390625 0.01171875 0.01015625 0.01328125
1 0.690625 0.01171875 0.0125 0.0171875
1 0.72265625 0.009375 0.01796875 0.01640625
1 0.75859375 0.009375 0.02109375 0.01875
0 0.79140625 0.01015625 0.01640625 0.0203125
0 0.80625 0.01171875 0.01796875 0.02265625
0 0.82109375 0.01015625 0.01640625 0.0203125
0 0.840625 0.0125 0.0203125 0.02421875
0 0.8875 0.01796875 0.0203125 0.0296875
0 0.9078125 0.0265625 0.02265625 0.03515625
0 0.94140625 0.0328125 0.04765625 0.040625
0 0.91484375 0.0734375 0.06640625 0.06484375
0 0.92421875 0.0984375 0.05390625 0.05546875
>>>>>>> c9556306391b7ee450ce0db69384df37c899f0a7
0 0.9671875 0.1140625 0.06484375 0.06015625