<<<<<<< HEAD
0 0.8640625 0.67890625 0.271875 0.37578125
0 0.44375 0.33125 0.1296875 0.13984375
0 0.3296875 0.24375 0.08203125 0.08125
0 0.26953125 0.1921875 0.0546875 0.05703125
0 0.23203125 0.17890625 0.034375 0.0359375
0 0.203125 0.15546875 0.0390625 0.0328125
0 0.17734375 0.14453125 0.028125 0.028125
0 0.1625 0.134375 0.025 0.02734375
0 0.14296875 0.134375 0.01640625 0.0234375
0 0.12578125 0.1265625 0.0171875 0.02109375
0 0.08515625 0.12265625 0.01796875 0.02265625
0 0.03359375 0.1296875 0.01875 0.01953125
0 0.11015625 0.11875 0.01875 0.02265625
1 0.859375 0.128125 0.05234375 0.0546875
1 0.725 0.1203125 0.03984375 0.0453125
1 0.6328125 0.11953125 0.03359375 0.03125
1 0.553125 0.11484375 0.028125 0.02421875
1 0.496875 0.10859375 0.02578125 0.02890625
1 0.4546875 0.10625 0.025 0.01953125
1 0.41015625 0.1046875 0.02265625 0.01953125
1 0.36953125 0.103125 0.0203125 0.02109375
1 0.33984375 0.103125 0.01953125 0.0234375
1 0.3125 0.103125 0.015625 0.01875
1 0.28828125 0.1015625 0.01328125 0.01875
1 0.2609375 0.1015625 0.01640625 0.01875
1 0.22890625 0.10234375 0.01640625 0.015625
1 0.19375 0.10546875 0.01640625 0.01875
1 0.165625 0.10859375 0.0171875 0.02109375
=======
0 0.8640625 0.67890625 0.271875 0.37578125
0 0.44375 0.33125 0.1296875 0.13984375
0 0.3296875 0.24375 0.08203125 0.08125
0 0.26953125 0.1921875 0.0546875 0.05703125
0 0.23203125 0.17890625 0.034375 0.0359375
0 0.203125 0.15546875 0.0390625 0.0328125
0 0.17734375 0.14453125 0.028125 0.028125
0 0.1625 0.134375 0.025 0.02734375
0 0.14296875 0.134375 0.01640625 0.0234375
0 0.12578125 0.1265625 0.0171875 0.02109375
0 0.08515625 0.12265625 0.01796875 0.02265625
0 0.03359375 0.1296875 0.01875 0.01953125
0 0.11015625 0.11875 0.01875 0.02265625
1 0.859375 0.128125 0.05234375 0.0546875
1 0.725 0.1203125 0.03984375 0.0453125
1 0.6328125 0.11953125 0.03359375 0.03125
1 0.553125 0.11484375 0.028125 0.02421875
1 0.496875 0.10859375 0.02578125 0.02890625
1 0.4546875 0.10625 0.025 0.01953125
1 0.41015625 0.1046875 0.02265625 0.01953125
1 0.36953125 0.103125 0.0203125 0.02109375
1 0.33984375 0.103125 0.01953125 0.0234375
1 0.3125 0.103125 0.015625 0.01875
1 0.28828125 0.1015625 0.01328125 0.01875
1 0.2609375 0.1015625 0.01640625 0.01875
1 0.22890625 0.10234375 0.01640625 0.015625
1 0.19375 0.10546875 0.01640625 0.01875
1 0.165625 0.10859375 0.0171875 0.02109375
>>>>>>> c9556306391b7ee450ce0db69384df37c899f0a7
1 0.00546875 0.11796875 0.009375 0.02109375