<<<<<<< HEAD
0 0.52578125 0.2828125 0.125 0.121875
0 0.08984375 0.2171875 0.103125 0.1140625
1 0.06796875 0.1078125 0.05 0.0546875
1 0.234375 0.11796875 0.053125 0.046875
1 0.41171875 0.14609375 0.05 0.053125
1 0.64296875 0.1703125 0.05 0.0546875
=======
0 0.52578125 0.2828125 0.125 0.121875
0 0.08984375 0.2171875 0.103125 0.1140625
1 0.06796875 0.1078125 0.05 0.0546875
1 0.234375 0.11796875 0.053125 0.046875
1 0.41171875 0.14609375 0.05 0.053125
1 0.64296875 0.1703125 0.05 0.0546875
>>>>>>> c9556306391b7ee450ce0db69384df37c899f0a7
1 0.8921875 0.19609375 0.0578125 0.0734375