<<<<<<< HEAD
1 0.13046875 0.10859375 0.021875 0.0234375
1 0.1484375 0.10703125 0.0171875 0.0203125
1 0.1671875 0.1265625 0.02578125 0.02421875
1 0.17734375 0.13046875 0.02421875 0.02578125
1 0.209375 0.1296875 0.025 0.02734375
1 0.246875 0.13515625 0.03046875 0.03203125
1 0.290625 0.13671875 0.03359375 0.034375
1 0.32265625 0.13984375 0.0390625 0.04609375
1 0.375 0.14375 0.03984375 0.03984375
1 0.44453125 0.1421875 0.04375 0.04296875
1 0.49375 0.15078125 0.0453125 0.05234375
1 0.5625 0.1578125 0.0515625 0.07109375
1 0.6328125 0.16640625 0.06328125 0.05546875
1 0.71953125 0.18046875 0.065625 0.06875
1 0.8078125 0.20390625 0.078125 0.06796875
1 0.9109375 0.23125 0.1015625 0.0953125
=======
1 0.13046875 0.10859375 0.021875 0.0234375
1 0.1484375 0.10703125 0.0171875 0.0203125
1 0.1671875 0.1265625 0.02578125 0.02421875
1 0.17734375 0.13046875 0.02421875 0.02578125
1 0.209375 0.1296875 0.025 0.02734375
1 0.246875 0.13515625 0.03046875 0.03203125
1 0.290625 0.13671875 0.03359375 0.034375
1 0.32265625 0.13984375 0.0390625 0.04609375
1 0.375 0.14375 0.03984375 0.03984375
1 0.44453125 0.1421875 0.04375 0.04296875
1 0.49375 0.15078125 0.0453125 0.05234375
1 0.5625 0.1578125 0.0515625 0.07109375
1 0.6328125 0.16640625 0.06328125 0.05546875
1 0.71953125 0.18046875 0.065625 0.06875
1 0.8078125 0.20390625 0.078125 0.06796875
1 0.9109375 0.23125 0.1015625 0.0953125
>>>>>>> c9556306391b7ee450ce0db69384df37c899f0a7
1 0.9921875 0.29765625 0.01484375 0.07109375