1 0.934375 0.2640625 0.090625 0.0984375
1 0.7375 0.1109375 0.021875 0.028125
1 0.79140625 0.20703125 0.0765625 0.0734375
1 0.70859375 0.1796875 0.059375 0.0671875
1 0.6578125 0.17265625 0.040625 0.046875
1 0.61640625 0.1671875 0.0390625 0.0390625
1 0.590625 0.15703125 0.034375 0.0359375
1 0.571875 0.1515625 0.0296875 0.0296875
1 0.55703125 0.14921875 0.028125 0.028125
1 0.546875 0.1453125 0.028125 0.0234375
1 0.5296875 0.1390625 0.021875 0.0234375
1 0.509375 0.13515625 0.015625 0.0203125
0 0.309375 0.14921875 0.0265625 0.0171875
0 0.2953125 0.15625 0.01875 0.021875
0 0.2828125 0.15625 0.0203125 0.028125
0 0.2734375 0.16015625 0.021875 0.021875
0 0.25859375 0.1671875 0.025 0.021875
0 0.23984375 0.171875 0.0296875 0.028125
0 0.21953125 0.1828125 0.0296875 0.0359375
0 0.19921875 0.1921875 0.03125 0.0296875
0 0.15625 0.215625 0.0421875 0.0375
0 0.10390625 0.2328125 0.0546875 0.05
0 0.02890625 0.2765625 0.0578125 0.0625