1 0.9703125 0.3328125 0.028125 0.03125
1 0.84375 0.3171875 0.025 0.028125
1 0.721875 0.29375 0.0265625 0.0296875
1 0.6015625 0.278125 0.0328125 0.0296875
1 0.4703125 0.26484375 0.0375 0.03125
1 0.32734375 0.2421875 0.03125 0.028125
1 0.209375 0.22421875 0.0375 0.034375
1 0.08203125 0.2125 0.040625 0.034375
0 0.13828125 0.2421875 0.05625 0.0546875
0 0.346875 0.271875 0.0515625 0.0453125
0 0.53984375 0.29609375 0.046875 0.0453125
0 0.7234375 0.334375 0.046875 0.0453125
0 0.87734375 0.34296875 0.046875 0.0453125