1 0.88515625 0.19921875 0.09375 0.1109375
1 0.73984375 0.16015625 0.1 0.096875
1 0.66328125 0.165625 0.071875 0.06875
1 0.59609375 0.16015625 0.0515625 0.0484375
1 0.553125 0.16015625 0.05 0.0484375
1 0.51640625 0.15703125 0.0390625 0.0375
1 0.49375 0.16171875 0.0265625 0.028125
1 0.47421875 0.1671875 0.025 0.0265625
1 0.46171875 0.165625 0.01875 0.01875
1 0.4453125 0.16328125 0.01875 0.0203125
1 0.4421875 0.165625 0.021875 0.021875
1 0.43203125 0.16484375 0.0234375 0.0234375
1 0.4203125 0.16796875 0.021875 0.021875
0 0.25078125 0.22890625 0.0171875 0.0171875
0 0.24140625 0.23359375 0.015625 0.015625
0 0.23359375 0.23671875 0.01875 0.0203125
0 0.2265625 0.240625 0.0140625 0.015625
0 0.2234375 0.24765625 0.0171875 0.01875
0 0.2125 0.25390625 0.0203125 0.021875
0 0.20859375 0.26328125 0.01875 0.0203125
0 0.1953125 0.27734375 0.0234375 0.025
0 0.18515625 0.28984375 0.03125 0.03125
0 0.1640625 0.30234375 0.0359375 0.0359375
0 0.14140625 0.328125 0.0375 0.034375
0 0.09765625 0.35703125 0.05625 0.053125
0 0.0375 0.4078125 0.075 0.06875
0 0.00625 0.4828125 0.0125 0.04375
1 0.58125 0.09140625 0.0265625 0.0265625