<<<<<<< HEAD
0 0.36015625 0.08984375 0.2171875 0.1796875
0 0.57109375 0.12734375 0.1796875 0.2015625
0 0.7015625 0.15 0.1390625 0.153125
0 0.88671875 0.22109375 0.121875 0.1421875
0 0.9609375 0.2546875 0.078125 0.121875
0 0.946875 0.178125 0.059375 0.0625
0 0.9609375 0.184375 0.0546875 0.059375
=======
0 0.36015625 0.08984375 0.2171875 0.1796875
0 0.57109375 0.12734375 0.1796875 0.2015625
0 0.7015625 0.15 0.1390625 0.153125
0 0.88671875 0.22109375 0.121875 0.1421875
0 0.9609375 0.2546875 0.078125 0.121875
0 0.946875 0.178125 0.059375 0.0625
0 0.9609375 0.184375 0.0546875 0.059375
>>>>>>> c9556306391b7ee450ce0db69384df37c899f0a7
0 0.984375 0.20859375 0.03125 0.0734375