<<<<<<< HEAD
1 0.86640625 0.11328125 0.04375 0.0796875
1 0.76171875 0.0796875 0.134375 0.134375
1 0.65234375 0.10234375 0.096875 0.0984375
1 0.56640625 0.115625 0.0875 0.090625
1 0.48203125 0.14453125 0.0828125 0.0796875
1 0.415625 0.165625 0.06875 0.0734375
1 0.346875 0.1875 0.0671875 0.071875
1 0.30390625 0.2 0.0625 0.0640625
1 0.2375 0.22890625 0.05625 0.0578125
1 0.18828125 0.246875 0.053125 0.053125
1 0.1578125 0.2578125 0.040625 0.0390625
1 0.115625 0.275 0.040625 0.04375
1 0.08125 0.2890625 0.034375 0.034375
1 0.05078125 0.29921875 0.0296875 0.03125
1 0.0046875 0.29375 0.009375 0.01875
1 0.01484375 0.290625 0.0203125 0.0234375
1 0.03984375 0.30703125 0.021875 0.021875
=======
1 0.86640625 0.11328125 0.04375 0.0796875
1 0.76171875 0.0796875 0.134375 0.134375
1 0.65234375 0.10234375 0.096875 0.0984375
1 0.56640625 0.115625 0.0875 0.090625
1 0.48203125 0.14453125 0.0828125 0.0796875
1 0.415625 0.165625 0.06875 0.0734375
1 0.346875 0.1875 0.0671875 0.071875
1 0.30390625 0.2 0.0625 0.0640625
1 0.2375 0.22890625 0.05625 0.0578125
1 0.18828125 0.246875 0.053125 0.053125
1 0.1578125 0.2578125 0.040625 0.0390625
1 0.115625 0.275 0.040625 0.04375
1 0.08125 0.2890625 0.034375 0.034375
1 0.05078125 0.29921875 0.0296875 0.03125
1 0.0046875 0.29375 0.009375 0.01875
1 0.01484375 0.290625 0.0203125 0.0234375
1 0.03984375 0.30703125 0.021875 0.021875
>>>>>>> c9556306391b7ee450ce0db69384df37c899f0a7
1 0.03125 0.303125 0.0203125 0.021875