1 0.725 0.225 0.0234375 0.025
1 0.7375 0.2375 0.0234375 0.0265625
1 0.7453125 0.24609375 0.021875 0.0234375
1 0.75546875 0.2546875 0.028125 0.0265625
1 0.7703125 0.2703125 0.0296875 0.0296875
1 0.78984375 0.29375 0.04375 0.0421875
1 0.80859375 0.31484375 0.0453125 0.0421875
1 0.95859375 0.34921875 0.0234375 0.0234375
1 0.83046875 0.35234375 0.0625 0.059375
1 0.8765625 0.403125 0.0734375 0.0703125
1 0.9515625 0.49140625 0.096875 0.1140625
0 0.5265625 0.11328125 0.0234375 0.0234375
0 0.5125 0.11015625 0.0234375 0.025
0 0.49453125 0.1015625 0.025 0.0265625
0 0.47421875 0.09609375 0.0359375 0.034375
0 0.45234375 0.09609375 0.0359375 0.0359375
0 0.42734375 0.08671875 0.0421875 0.0453125
0 0.38828125 0.0765625 0.05625 0.0578125
0 0.3390625 0.06875 0.0671875 0.065625
0 0.25078125 0.0609375 0.0734375 0.071875