1 0.9640625 0.125 0.01796875 0.01796875
1 0.90078125 0.11875 0.01328125 0.01484375
1 0.85078125 0.115625 0.0140625 0.0140625
1 0.79921875 0.11015625 0.00859375 0.01171875
1 0.70546875 0.1078125 0.009375 0.01328125
1 0.6640625 0.10390625 0.01171875 0.0171875
1 0.62265625 0.10234375 0.01171875 0.0109375
1 0.5859375 0.1 0.009375 0.009375
0 0.51484375 0.10078125 0.00703125 0.0125
0 0.553125 0.10078125 0.00703125 0.0140625
0 0.60078125 0.10390625 0.01171875 0.015625
0 0.646875 0.109375 0.01171875 0.015625
0 0.6953125 0.10859375 0.01171875 0.0171875
0 0.75078125 0.11328125 0.01171875 0.0171875
0 0.81171875 0.1140625 0.01171875 0.0171875
0 0.87578125 0.125 0.01875 0.01796875
0 0.94765625 0.1296875 0.0171875 0.02421875
0 0.90234375 0.34375 0.13046875 0.11875
0 0.68515625 0.36796875 0.13203125 0.1109375