<<<<<<< HEAD
1 0.3109375 0.15546875 0.009375 0.0125
1 0.33984375 0.15625 0.00859375 0.01171875
1 0.459375 0.1640625 0.009375 0.0125
1 0.66484375 0.1765625 0.01328125 0.01953125
1 0.73125 0.1828125 0.01015625 0.01484375
1 0.815625 0.1875 0.01328125 0.01875
1 0.86953125 0.18984375 0.01640625 0.01796875
1 0.92734375 0.19296875 0.01171875 0.01484375
0 0.228125 0.1515625 0.0125 0.01328125
0 0.265625 0.15703125 0.0125 0.01484375
0 0.30390625 0.1578125 0.009375 0.0140625
0 0.32890625 0.1578125 0.009375 0.01328125
0 0.359375 0.16171875 0.01171875 0.01328125
0 0.37890625 0.1609375 0.00703125 0.0125
0 0.4140625 0.165625 0.0125 0.01171875
0 0.4515625 0.1671875 0.0109375 0.0140625
0 0.4890625 0.16796875 0.0125 0.01796875
0 0.53515625 0.1703125 0.015625 0.01640625
0 0.60859375 0.17890625 0.01640625 0.015625
0 0.6796875 0.18046875 0.0109375 0.01484375
0 0.77109375 0.1890625 0.01875 0.021875
0 0.84921875 0.19296875 0.0140625 0.0203125
0 0.9359375 0.19609375 0.01015625 0.01171875
0 0.97421875 0.20078125 0.0125 0.0171875
0 0.99609375 0.20546875 0.00703125 0.01875
0 0.9953125 0.22109375 0.009375 0.021875
0 0.984375 0.21953125 0.01953125 0.02421875
0 0.93515625 0.2171875 0.025 0.028125
0 0.9078125 0.22109375 0.0375 0.0296875
0 0.91953125 0.2453125 0.034375 0.0390625
0 0.96640625 0.2390625 0.0453125 0.0515625
0 0.79453125 0.24765625 0.040625 0.05234375
0 0.946875 0.24609375 0.04140625 0.05
0 0.6984375 0.246875 0.04296875 0.053125
0 0.5890625 0.24609375 0.0421875 0.06015625
0 0.53984375 0.24375 0.04140625 0.053125
0 0.5140625 0.2578125 0.03984375 0.0578125
0 0.4609375 0.26953125 0.04921875 0.07265625
0 0.38359375 0.2859375 0.0640625 0.0796875
=======
1 0.3109375 0.15546875 0.009375 0.0125
1 0.33984375 0.15625 0.00859375 0.01171875
1 0.459375 0.1640625 0.009375 0.0125
1 0.66484375 0.1765625 0.01328125 0.01953125
1 0.73125 0.1828125 0.01015625 0.01484375
1 0.815625 0.1875 0.01328125 0.01875
1 0.86953125 0.18984375 0.01640625 0.01796875
1 0.92734375 0.19296875 0.01171875 0.01484375
0 0.228125 0.1515625 0.0125 0.01328125
0 0.265625 0.15703125 0.0125 0.01484375
0 0.30390625 0.1578125 0.009375 0.0140625
0 0.32890625 0.1578125 0.009375 0.01328125
0 0.359375 0.16171875 0.01171875 0.01328125
0 0.37890625 0.1609375 0.00703125 0.0125
0 0.4140625 0.165625 0.0125 0.01171875
0 0.4515625 0.1671875 0.0109375 0.0140625
0 0.4890625 0.16796875 0.0125 0.01796875
0 0.53515625 0.1703125 0.015625 0.01640625
0 0.60859375 0.17890625 0.01640625 0.015625
0 0.6796875 0.18046875 0.0109375 0.01484375
0 0.77109375 0.1890625 0.01875 0.021875
0 0.84921875 0.19296875 0.0140625 0.0203125
0 0.9359375 0.19609375 0.01015625 0.01171875
0 0.97421875 0.20078125 0.0125 0.0171875
0 0.99609375 0.20546875 0.00703125 0.01875
0 0.9953125 0.22109375 0.009375 0.021875
0 0.984375 0.21953125 0.01953125 0.02421875
0 0.93515625 0.2171875 0.025 0.028125
0 0.9078125 0.22109375 0.0375 0.0296875
0 0.91953125 0.2453125 0.034375 0.0390625
0 0.96640625 0.2390625 0.0453125 0.0515625
0 0.79453125 0.24765625 0.040625 0.05234375
0 0.946875 0.24609375 0.04140625 0.05
0 0.6984375 0.246875 0.04296875 0.053125
0 0.5890625 0.24609375 0.0421875 0.06015625
0 0.53984375 0.24375 0.04140625 0.053125
0 0.5140625 0.2578125 0.03984375 0.0578125
0 0.4609375 0.26953125 0.04921875 0.07265625
0 0.38359375 0.2859375 0.0640625 0.0796875
>>>>>>> c9556306391b7ee450ce0db69384df37c899f0a7
0 0.3015625 0.3109375 0.0796875 0.10078125