0 0.00546875 0.3234375 0.0109375 0.028125
0 0.028125 0.290625 0.0328125 0.0296875
0 0.12734375 0.25546875 0.0296875 0.028125
0 0.28515625 0.2140625 0.0328125 0.0359375
0 0.30859375 0.2078125 0.025 0.0265625
0 0.2609375 0.221875 0.03125 0.034375
0 0.23984375 0.23359375 0.0390625 0.046875
0 0.19765625 0.2484375 0.0375 0.0390625
0 0.16796875 0.26640625 0.040625 0.0421875
0 0.1390625 0.284375 0.046875 0.0484375
0 0.10859375 0.3 0.040625 0.040625
0 0.071875 0.31640625 0.0484375 0.05
0 0.0515625 0.33203125 0.0484375 0.046875
0 0.0359375 0.3515625 0.053125 0.046875
0 0.025 0.3734375 0.05 0.053125
0 0.01953125 0.39765625 0.0390625 0.0796875
0 0.0171875 0.44375 0.034375 0.09375
1 0.903125 0.14453125 0.0171875 0.0359375
1 0.840625 0.12890625 0.0890625 0.090625
1 0.73359375 0.13984375 0.078125 0.0796875
1 0.659375 0.15234375 0.059375 0.0640625
1 0.6140625 0.15703125 0.0578125 0.0609375
1 0.58515625 0.153125 0.046875 0.0484375
1 0.56875 0.14765625 0.053125 0.0546875
1 0.5703125 0.10859375 0.0296875 0.0359375
1 0.5859375 0.1328125 0.0390625 0.040625
1 0.60859375 0.121875 0.04375 0.0421875
1 0.5421875 0.11953125 0.028125 0.0296875
1 0.5203125 0.1234375 0.021875 0.028125
1 0.5 0.1328125 0.021875 0.025
1 0.465625 0.14375 0.0234375 0.0265625
1 0.42578125 0.15390625 0.0234375 0.0265625
1 0.39453125 0.165625 0.0296875 0.0265625
1 0.35078125 0.17890625 0.025 0.025
1 0.16484375 0.23671875 0.01875 0.01875
1 0.0828125 0.2703125 0.01875 0.0171875
1 0.0078125 0.2921875 0.015625 0.025
1 0.24453125 0.2109375 0.01875 0.0203125
1 0.3109375 0.1921875 0.0296875 0.028125