0 0.88828125 0.3015625 0.0875 0.0828125
0 0.77578125 0.25390625 0.0578125 0.046875
0 0.7015625 0.21875 0.046875 0.0484375
0 0.665625 0.2015625 0.0375 0.0390625
0 0.63671875 0.184375 0.028125 0.0375
0 0.61328125 0.17734375 0.0265625 0.021875
0 0.59609375 0.165625 0.025 0.0296875
0 0.5796875 0.1578125 0.0203125 0.0203125
0 0.56640625 0.15703125 0.0171875 0.0171875
0 0.55234375 0.15 0.01875 0.0171875
1 0.0453125 0.1046875 0.0171875 0.0203125
1 0.3234375 0.1328125 0.01875 0.0203125
1 0.30625 0.13359375 0.015625 0.0171875
1 0.2890625 0.13515625 0.0234375 0.0234375
1 0.26796875 0.1421875 0.0296875 0.021875
1 0.24765625 0.1453125 0.03125 0.025
1 0.21484375 0.14921875 0.0328125 0.034375
1 0.175 0.16015625 0.0515625 0.040625
1 0.13203125 0.17890625 0.046875 0.0421875
1 0.046875 0.196875 0.0484375 0.0609375