0 0.81796875 0.01171875 0.0265625 0.0234375
0 0.73359375 0.02890625 0.0171875 0.0203125
0 0.590625 0.075 0.01875 0.021875
0 0.60546875 0.065625 0.01875 0.021875
0 0.61875 0.06484375 0.0125 0.0171875
0 0.634375 0.0625 0.0234375 0.03125
0 0.66015625 0.05625 0.03125 0.03125
0 0.68203125 0.053125 0.01875 0.01875
0 0.70234375 0.05546875 0.0265625 0.0265625
0 0.7234375 0.05078125 0.034375 0.03125
0 0.72578125 0.06484375 0.0375 0.0390625
0 0.721875 0.08359375 0.053125 0.0515625
0 0.7203125 0.10703125 0.05625 0.053125
0 0.74765625 0.11796875 0.071875 0.0640625
0 0.7984375 0.12109375 0.0890625 0.0828125
0 0.87421875 0.1203125 0.0890625 0.1125
1 0.85390625 0.0078125 0.0203125 0.015625
1 0.78671875 0.01328125 0.0234375 0.0265625
1 0.71484375 0.02421875 0.01875 0.025
1 0.5640625 0.0765625 0.0171875 0.021875
1 0.52734375 0.0890625 0.0171875 0.01875
1 0.4984375 0.09921875 0.0265625 0.028125
1 0.4671875 0.109375 0.0296875 0.0265625
1 0.4375 0.11640625 0.0140625 0.0171875
1 0.41640625 0.1234375 0.0171875 0.0140625
1 0.40625 0.12734375 0.0203125 0.021875
1 0.38515625 0.13515625 0.021875 0.0203125
1 0.40703125 0.14765625 0.0421875 0.040625
1 0.3953125 0.1578125 0.0375 0.0375
1 0.37109375 0.16796875 0.0390625 0.0375
1 0.33984375 0.18203125 0.0328125 0.034375
1 0.30390625 0.2015625 0.0328125 0.034375
1 0.271875 0.21015625 0.0375 0.0390625
1 0.234375 0.23125 0.046875 0.0421875
1 0.175 0.259375 0.0546875 0.0515625
1 0.128125 0.28359375 0.0625 0.0671875
1 0.07421875 0.31171875 0.0671875 0.065625
1 0.021875 0.3453125 0.04375 0.078125
1 0.0109375 0.38984375 0.021875 0.0796875