<<<<<<< HEAD
1 0.9046875 0.0984375 0.025 0.0390625
1 0.8484375 0.1 0.05 0.0546875
1 0.7984375 0.1109375 0.04375 0.0484375
1 0.75390625 0.12109375 0.046875 0.04375
1 0.68359375 0.1328125 0.040625 0.040625
1 0.61640625 0.14453125 0.0375 0.0328125
1 0.5453125 0.159375 0.04375 0.0390625
1 0.48125 0.17734375 0.0375 0.0375
1 0.4171875 0.19375 0.040625 0.0390625
1 0.31484375 0.2203125 0.0359375 0.028125
1 0.178125 0.2515625 0.034375 0.0296875
1 0.003125 0.31328125 0.00625 0.0234375
0 0.0578125 0.31328125 0.0578125 0.05
0 0.2640625 0.2609375 0.053125 0.0515625
0 0.36171875 0.24609375 0.0546875 0.059375
0 0.39296875 0.24609375 0.05 0.0578125
0 0.3484375 0.2703125 0.065625 0.0703125
0 0.29140625 0.28671875 0.065625 0.0671875
0 0.209375 0.3359375 0.0875 0.0828125
0 0.09296875 0.38984375 0.1109375 0.1078125
=======
1 0.9046875 0.0984375 0.025 0.0390625
1 0.8484375 0.1 0.05 0.0546875
1 0.7984375 0.1109375 0.04375 0.0484375
1 0.75390625 0.12109375 0.046875 0.04375
1 0.68359375 0.1328125 0.040625 0.040625
1 0.61640625 0.14453125 0.0375 0.0328125
1 0.5453125 0.159375 0.04375 0.0390625
1 0.48125 0.17734375 0.0375 0.0375
1 0.4171875 0.19375 0.040625 0.0390625
1 0.31484375 0.2203125 0.0359375 0.028125
1 0.178125 0.2515625 0.034375 0.0296875
1 0.003125 0.31328125 0.00625 0.0234375
0 0.0578125 0.31328125 0.0578125 0.05
0 0.2640625 0.2609375 0.053125 0.0515625
0 0.36171875 0.24609375 0.0546875 0.059375
0 0.39296875 0.24609375 0.05 0.0578125
0 0.3484375 0.2703125 0.065625 0.0703125
0 0.29140625 0.28671875 0.065625 0.0671875
0 0.209375 0.3359375 0.0875 0.0828125
0 0.09296875 0.38984375 0.1109375 0.1078125
>>>>>>> c9556306391b7ee450ce0db69384df37c899f0a7
0 0.01171875 0.45078125 0.0234375 0.0765625