1 0.21015625 0.10390625 0.0734375 0.071875
1 0.29296875 0.115625 0.05 0.046875
1 0.28984375 0.04921875 0.021875 0.025
1 0.35390625 0.12421875 0.0390625 0.034375
1 0.3890625 0.125 0.0390625 0.0375
1 0.41796875 0.12890625 0.03125 0.03125
1 0.4421875 0.13125 0.0296875 0.03125
1 0.46328125 0.1359375 0.021875 0.0203125
1 0.47734375 0.13671875 0.0171875 0.0203125
1 0.49375 0.13671875 0.0203125 0.01875
1 0.50703125 0.1421875 0.021875 0.021875
0 0.7015625 0.21796875 0.021875 0.01875
0 0.7109375 0.2234375 0.0171875 0.0203125
0 0.71953125 0.22890625 0.0234375 0.0234375
0 0.72578125 0.24140625 0.0265625 0.0234375
0 0.7359375 0.2484375 0.028125 0.0265625
0 0.746875 0.259375 0.0328125 0.0328125
0 0.753125 0.271875 0.040625 0.0375
0 0.7734375 0.284375 0.046875 0.0453125
0 0.78984375 0.315625 0.0515625 0.05
0 0.83125 0.353125 0.0671875 0.0625
0 0.8875 0.42265625 0.0921875 0.078125
0 0.97265625 0.52734375 0.0546875 0.1109375