1 0.13671875 0.03359375 0.0390625 0.0671875
1 0.19609375 0.028125 0.0890625 0.05625
1 0.27890625 0.028125 0.0765625 0.05625
1 0.3609375 0.0265625 0.06875 0.053125
1 0.415625 0.0296875 0.059375 0.059375
1 0.4671875 0.04296875 0.05 0.05625
1 0.51953125 0.04765625 0.05 0.05
1 0.5734375 0.0609375 0.04375 0.0453125
1 0.60234375 0.0625 0.040625 0.04375
1 0.64609375 0.06953125 0.0375 0.0359375
1 0.67265625 0.07421875 0.0390625 0.04375
1 0.70546875 0.08203125 0.03125 0.0296875
1 0.72890625 0.0796875 0.0265625 0.03125
1 0.77109375 0.08125 0.01875 0.01875
1 0.796875 0.0828125 0.0140625 0.015625
1 0.83203125 0.09453125 0.0171875 0.0203125
1 0.86328125 0.10234375 0.021875 0.021875
1 0.89765625 0.11328125 0.0265625 0.025
0 0.928125 0.12421875 0.021875 0.025
0 0.9421875 0.13046875 0.0234375 0.0265625
0 0.95703125 0.13359375 0.021875 0.025
0 0.97421875 0.14140625 0.0265625 0.0296875