0 0.41796875 0.1640625 0.025 0.01328125
0 0.39765625 0.16796875 0.021875 0.02109375
0 0.38671875 0.1734375 0.01875 0.01484375
0 0.378125 0.1796875 0.03125 0.02109375
0 0.35625 0.19453125 0.03203125 0.02578125
0 0.3640625 0.18203125 0.03046875 0.021875
0 0.32734375 0.19765625 0.0328125 0.0296875
0 0.29765625 0.21953125 0.04140625 0.03203125
0 0.24921875 0.24296875 0.05625 0.04453125
0 0.1703125 0.28125 0.07421875 0.053125
0 0.03125 0.346875 0.0609375 0.1
1 0.625 0.165625 0.015625 0.0140625
1 0.64140625 0.16640625 0.0171875 0.01328125
1 0.65546875 0.1703125 0.021875 0.01796875
1 0.66875 0.175 0.0171875 0.01484375
1 0.6890625 0.18125 0.025 0.0203125
1 0.715625 0.18359375 0.02421875 0.021875
1 0.74140625 0.1953125 0.03125 0.03515625
1 0.77734375 0.20625 0.03828125 0.02734375
1 0.8359375 0.22421875 0.0453125 0.03359375
1 0.915625 0.24140625 0.05859375 0.05390625
1 0.86328125 0.1640625 0.02265625 0.021875