0 0.85859375 0.06875 0.0234375 0.0265625
0 0.8140625 0.078125 0.021875 0.0203125
0 0.7796875 0.0921875 0.0171875 0.0171875
0 0.7375 0.10390625 0.021875 0.021875
0 0.7015625 0.11328125 0.01875 0.021875
0 0.66796875 0.1234375 0.021875 0.0234375
0 0.63203125 0.13359375 0.021875 0.025
0 0.5984375 0.14453125 0.01875 0.021875
0 0.55078125 0.1609375 0.0265625 0.0234375
0 0.5109375 0.1765625 0.0234375 0.0234375
0 0.46953125 0.1890625 0.025 0.0265625
0 0.42421875 0.2 0.025 0.025
0 0.3796875 0.2140625 0.0296875 0.0296875
0 0.32578125 0.23359375 0.0296875 0.028125
0 0.2734375 0.24609375 0.028125 0.025
0 0.2140625 0.26015625 0.0296875 0.028125
0 0.15859375 0.2765625 0.0328125 0.03125
0 0.09609375 0.29375 0.03125 0.0296875
0 0.046875 0.30859375 0.0296875 0.0328125
0 0.009375 0.32265625 0.01875 0.0296875
0 0.00625 0.340625 0.0125 0.028125
1 0.00390625 0.3265625 0.0078125 0.01875
1 0.00625 0.3171875 0.0125 0.025
1 0.025 0.30390625 0.021875 0.0234375
1 0.06875 0.290625 0.0234375 0.0265625
1 0.1125 0.2796875 0.0234375 0.0234375
1 0.1984375 0.25625 0.021875 0.025
1 0.24296875 0.2390625 0.0203125 0.0234375
1 0.284375 0.2296875 0.021875 0.0234375
1 0.32734375 0.21640625 0.0234375 0.021875
1 0.365625 0.20546875 0.028125 0.028125
1 0.40546875 0.1921875 0.0171875 0.01875
1 0.43671875 0.18359375 0.0203125 0.0234375
1 0.52265625 0.15859375 0.0234375 0.0234375
1 0.49375 0.16640625 0.021875 0.01875
1 0.4703125 0.1734375 0.021875 0.0203125
1 0.5609375 0.14765625 0.0171875 0.025
1 0.58515625 0.14296875 0.01875 0.025
1 0.6125 0.13125 0.025 0.028125
1 0.64453125 0.11875 0.0203125 0.0203125
1 0.67890625 0.11171875 0.0203125 0.025
1 0.7109375 0.10078125 0.0171875 0.0203125
1 0.7421875 0.090625 0.0265625 0.025
1 0.77890625 0.08125 0.025 0.0265625
1 0.84296875 0.06640625 0.0203125 0.0234375