1 0.01328125 0.303125 0.0265625 0.05
1 0.04921875 0.2828125 0.053125 0.05625
1 0.1109375 0.271875 0.046875 0.05
1 0.196875 0.25078125 0.05 0.0484375
1 0.284375 0.23515625 0.046875 0.0484375
1 0.36875 0.2171875 0.0421875 0.040625
1 0.44921875 0.203125 0.0453125 0.0421875
1 0.53671875 0.18671875 0.0453125 0.040625
1 0.65625 0.1671875 0.040625 0.03125
1 0.8234375 0.14296875 0.0484375 0.040625
0 0.76171875 0.196875 0.075 0.075
0 0.6453125 0.22109375 0.0734375 0.075
0 0.61328125 0.2546875 0.0875 0.0796875
0 0.68515625 0.26953125 0.0984375 0.096875
0 0.79453125 0.2796875 0.1328125 0.1265625
0 0.9515625 0.31875 0.0703125 0.140625