1 0.06640625 0.28203125 0.034375 0.03125
1 0.04765625 0.4140625 0.0953125 0.090625
1 0.1421875 0.340625 0.0703125 0.065625
1 0.203125 0.29765625 0.05625 0.0515625
1 0.22265625 0.2703125 0.0359375 0.0375
1 0.2484375 0.246875 0.034375 0.0375
1 0.26953125 0.23203125 0.0296875 0.03125
1 0.284375 0.21796875 0.0265625 0.025
1 0.29765625 0.21171875 0.01875 0.01875
1 0.309375 0.1984375 0.0171875 0.0203125
1 0.3234375 0.19609375 0.021875 0.021875
0 0.53359375 0.11484375 0.0203125 0.0234375
0 0.55 0.1109375 0.025 0.0234375
0 0.5671875 0.109375 0.0234375 0.0234375
0 0.58984375 0.1078125 0.0265625 0.021875
0 0.6078125 0.10859375 0.03125 0.0265625
0 0.6328125 0.10625 0.0328125 0.0359375
0 0.675 0.096875 0.0453125 0.0421875
0 0.7296875 0.10234375 0.0609375 0.0609375
0 0.815625 0.10078125 0.075 0.0703125