1 0.99296875 0.42265625 0.0140625 0.0328125
1 0.953125 0.396875 0.0328125 0.03125
1 0.91796875 0.3765625 0.0296875 0.03125
1 0.8703125 0.346875 0.034375 0.034375
1 0.82734375 0.32265625 0.034375 0.0359375
1 0.77421875 0.29140625 0.0390625 0.0390625
1 0.72421875 0.26484375 0.034375 0.034375
1 0.675 0.23828125 0.0328125 0.034375
1 0.6203125 0.20390625 0.0359375 0.0359375
1 0.57734375 0.18125 0.028125 0.03125
1 0.53671875 0.15859375 0.03125 0.0328125
1 0.4984375 0.128125 0.0296875 0.0265625
1 0.4546875 0.10390625 0.0359375 0.0375
1 0.38046875 0.06015625 0.028125 0.0296875
1 0.4203125 0.0796875 0.0296875 0.0296875
1 0.33984375 0.03125 0.025 0.021875
1 0.29375 0.0078125 0.025 0.015625
1 0.2421875 0.00703125 0.03125 0.0140625
0 0.234375 0.009375 0.040625 0.01875
0 0.2921875 0.028125 0.0421875 0.0421875
0 0.3265625 0.04921875 0.04375 0.0421875
0 0.378125 0.084375 0.04375 0.040625
0 0.4265625 0.1140625 0.04375 0.0453125
0 0.4890625 0.15078125 0.0421875 0.040625
0 0.55234375 0.1921875 0.0375 0.0359375
0 0.6171875 0.23203125 0.04375 0.0421875
0 0.69140625 0.2671875 0.0421875 0.040625
0 0.75859375 0.3125 0.046875 0.0453125
0 0.83203125 0.3484375 0.040625 0.0390625
0 0.89375 0.38984375 0.0453125 0.0421875
0 0.96484375 0.42265625 0.046875 0.040625