<<<<<<< HEAD
1 0.00546875 0.32578125 0.0109375 0.0203125
1 0.1890625 0.25078125 0.025 0.028125
1 0.228125 0.23203125 0.0296875 0.0296875
1 0.27109375 0.221875 0.028125 0.028125
1 0.30859375 0.20703125 0.0359375 0.0359375
1 0.3421875 0.19140625 0.0296875 0.03125
1 0.36796875 0.1828125 0.028125 0.0328125
1 0.38828125 0.17421875 0.028125 0.0328125
1 0.4265625 0.16484375 0.0453125 0.04375
1 0.44375 0.1921875 0.0640625 0.065625
1 0.45546875 0.16953125 0.0515625 0.0625
1 0.45234375 0.1953125 0.0421875 0.0484375
1 0.47109375 0.19296875 0.053125 0.0578125
1 0.5078125 0.18671875 0.0578125 0.059375
1 0.575 0.1734375 0.071875 0.0734375
1 0.6421875 0.1546875 0.078125 0.0734375
1 0.75625 0.13671875 0.084375 0.0828125
1 0.84921875 0.11171875 0.0890625 0.0921875
0 0.1578125 0.28046875 0.0359375 0.0359375
0 0.14453125 0.28828125 0.0359375 0.046875
0 0.12734375 0.29375 0.0296875 0.040625
0 0.00859375 0.34453125 0.0171875 0.0296875
0 0.09296875 0.3109375 0.0375 0.0375
0 0.11484375 0.29609375 0.040625 0.0390625
0 0.06171875 0.325 0.0421875 0.040625
0 0.0265625 0.34296875 0.0390625 0.040625
0 0.01171875 0.36484375 0.0234375 0.0421875
0 0.01171875 0.38125 0.0234375 0.04375
=======
1 0.00546875 0.32578125 0.0109375 0.0203125
1 0.1890625 0.25078125 0.025 0.028125
1 0.228125 0.23203125 0.0296875 0.0296875
1 0.27109375 0.221875 0.028125 0.028125
1 0.30859375 0.20703125 0.0359375 0.0359375
1 0.3421875 0.19140625 0.0296875 0.03125
1 0.36796875 0.1828125 0.028125 0.0328125
1 0.38828125 0.17421875 0.028125 0.0328125
1 0.4265625 0.16484375 0.0453125 0.04375
1 0.44375 0.1921875 0.0640625 0.065625
1 0.45546875 0.16953125 0.0515625 0.0625
1 0.45234375 0.1953125 0.0421875 0.0484375
1 0.47109375 0.19296875 0.053125 0.0578125
1 0.5078125 0.18671875 0.0578125 0.059375
1 0.575 0.1734375 0.071875 0.0734375
1 0.6421875 0.1546875 0.078125 0.0734375
1 0.75625 0.13671875 0.084375 0.0828125
1 0.84921875 0.11171875 0.0890625 0.0921875
0 0.1578125 0.28046875 0.0359375 0.0359375
0 0.14453125 0.28828125 0.0359375 0.046875
0 0.12734375 0.29375 0.0296875 0.040625
0 0.00859375 0.34453125 0.0171875 0.0296875
0 0.09296875 0.3109375 0.0375 0.0375
0 0.11484375 0.29609375 0.040625 0.0390625
0 0.06171875 0.325 0.0421875 0.040625
0 0.0265625 0.34296875 0.0390625 0.040625
0 0.01171875 0.36484375 0.0234375 0.0421875
0 0.01171875 0.38125 0.0234375 0.04375
>>>>>>> c9556306391b7ee450ce0db69384df37c899f0a7
0 0.0109375 0.39765625 0.021875 0.0484375