1 0.278125 0.01171875 0.028125 0.0234375
1 0.2953125 0.0140625 0.0234375 0.025
1 0.30703125 0.03828125 0.0328125 0.03125
1 0.31484375 0.0453125 0.03125 0.0328125
1 0.34609375 0.05546875 0.0328125 0.034375
1 0.3796875 0.07265625 0.0390625 0.040625
1 0.4203125 0.08828125 0.0421875 0.04375
1 0.44921875 0.1015625 0.0515625 0.05625
1 0.49765625 0.12265625 0.05 0.05
1 0.5640625 0.14375 0.0546875 0.0546875
1 0.6078125 0.16796875 0.059375 0.0640625
1 0.6703125 0.196875 0.071875 0.084375
1 0.734375 0.228125 0.078125 0.0734375
1 0.81171875 0.26953125 0.084375 0.0859375
1 0.8875 0.3203125 0.0953125 0.0890625
1 0.95625 0.37890625 0.0875 0.1234375