0 0.97109375 0.29453125 0.0578125 0.1078125
0 0.94453125 0.2671875 0.07890625 0.08828125
0 0.96875 0.13984375 0.02109375 0.025
0 0.85546875 0.14921875 0.02421875 0.0171875
0 0.89765625 0.24296875 0.06484375 0.0703125
0 0.8640625 0.21875 0.04609375 0.0546875
0 0.84453125 0.19765625 0.04140625 0.05234375
0 0.82578125 0.1828125 0.03125 0.0453125
0 0.75546875 0.1421875 0.02265625 0.01953125
0 0.8078125 0.1765625 0.02890625 0.03125
0 0.775 0.17578125 0.03203125 0.0328125
0 0.74375 0.17109375 0.034375 0.021875
0 0.7140625 0.16484375 0.03359375 0.02421875
0 0.68203125 0.1609375 0.028125 0.02421875
0 0.64453125 0.15625 0.02265625 0.0265625
0 0.6203125 0.15859375 0.01796875 0.02421875
0 0.5984375 0.1515625 0.01640625 0.01640625
0 0.58046875 0.153125 0.01640625 0.01796875
1 0.71796875 0.13828125 0.025 0.01796875
1 0.79921875 0.14375 0.01640625 0.01796875
1 0.878125 0.13828125 0.01875 0.0171875
1 0.9484375 0.13984375 0.015625 0.01640625
1 0.56796875 0.14140625 0.01328125 0.01640625
1 0.5296875 0.14453125 0.02265625 0.01484375
1 0.4890625 0.14609375 0.01875 0.015625
1 0.45234375 0.1453125 0.0234375 0.01640625
1 0.41328125 0.14609375 0.01953125 0.01328125
1 0.3796875 0.14765625 0.0203125 0.01640625
1 0.36015625 0.1484375 0.0171875 0.015625
1 0.33984375 0.15 0.01640625 0.01875
1 0.3140625 0.1515625 0.01875 0.01640625
1 0.2875 0.15859375 0.021875 0.021875
1 0.29765625 0.16796875 0.021875 0.02734375
1 0.33125 0.18359375 0.02578125 0.03359375
1 0.34140625 0.1765625 0.0265625 0.034375
1 0.3171875 0.18828125 0.03671875 0.03828125
1 0.3 0.2 0.0421875 0.04296875
1 0.259375 0.20625 0.04609375 0.053125
1 0.20078125 0.21953125 0.0515625 0.0625
1 0.11328125 0.2375 0.0625 0.0671875
1 0.046875 0.24765625 0.06875 0.06171875