<<<<<<< HEAD
1 0.421875 0.15390625 0.021875 0.025
1 0.4390625 0.1515625 0.021875 0.025
1 0.45078125 0.15 0.0203125 0.0234375
1 0.4640625 0.14765625 0.028125 0.025
1 0.48515625 0.1453125 0.028125 0.028125
1 0.515625 0.14453125 0.0421875 0.040625
1 0.54453125 0.1421875 0.04375 0.0390625
1 0.6640625 0.04609375 0.021875 0.021875
1 0.58671875 0.14921875 0.0609375 0.05625
1 0.65625 0.14375 0.0703125 0.0671875
1 0.77734375 0.13203125 0.1109375 0.1109375
0 0.21171875 0.240625 0.0234375 0.0234375
0 0.20078125 0.25 0.0234375 0.025
0 0.1828125 0.25859375 0.0234375 0.0265625
0 0.16640625 0.271875 0.034375 0.0328125
0 0.15234375 0.28828125 0.034375 0.034375
0 0.1296875 0.30234375 0.040625 0.04375
0 0.09765625 0.32734375 0.0546875 0.05625
0 0.0609375 0.3609375 0.0640625 0.0640625
=======
1 0.421875 0.15390625 0.021875 0.025
1 0.4390625 0.1515625 0.021875 0.025
1 0.45078125 0.15 0.0203125 0.0234375
1 0.4640625 0.14765625 0.028125 0.025
1 0.48515625 0.1453125 0.028125 0.028125
1 0.515625 0.14453125 0.0421875 0.040625
1 0.54453125 0.1421875 0.04375 0.0390625
1 0.6640625 0.04609375 0.021875 0.021875
1 0.58671875 0.14921875 0.0609375 0.05625
1 0.65625 0.14375 0.0703125 0.0671875
1 0.77734375 0.13203125 0.1109375 0.1109375
0 0.21171875 0.240625 0.0234375 0.0234375
0 0.20078125 0.25 0.0234375 0.025
0 0.1828125 0.25859375 0.0234375 0.0265625
0 0.16640625 0.271875 0.034375 0.0328125
0 0.15234375 0.28828125 0.034375 0.034375
0 0.1296875 0.30234375 0.040625 0.04375
0 0.09765625 0.32734375 0.0546875 0.05625
0 0.0609375 0.3609375 0.0640625 0.0640625
>>>>>>> c9556306391b7ee450ce0db69384df37c899f0a7
0 0.01796875 0.425 0.0359375 0.06875