0 0.9671875 0.60703125 0.065625 0.1203125
0 0.86953125 0.484375 0.134375 0.1328125
0 0.7859375 0.4171875 0.109375 0.1078125
0 0.72890625 0.3640625 0.0921875 0.0921875
0 0.77734375 0.3515625 0.0703125 0.071875
0 0.8890625 0.4 0.0890625 0.090625
1 0.965625 0.40078125 0.0546875 0.0578125
1 0.81953125 0.31953125 0.05 0.05
1 0.7125 0.26484375 0.0578125 0.0546875
1 0.6328125 0.228125 0.0484375 0.046875
1 0.55390625 0.19375 0.0515625 0.05
1 0.471875 0.15859375 0.0515625 0.0515625
1 0.39296875 0.12578125 0.0515625 0.053125
1 0.31328125 0.08515625 0.05625 0.05625
1 0.2546875 0.0609375 0.059375 0.059375
1 0.18828125 0.0421875 0.0640625 0.0671875