<<<<<<< HEAD
0 0.3296875 0.23203125 0.03125 0.0375
0 0.4 0.24921875 0.034375 0.04453125
0 0.4234375 0.2671875 0.0421875 0.05625
0 0.484375 0.290625 0.053125 0.0734375
0 0.58125 0.3 0.059375 0.0765625
0 0.703125 0.34765625 0.0875 0.1046875
0 0.94609375 0.43125 0.1078125 0.1625
=======
0 0.3296875 0.23203125 0.03125 0.0375
0 0.4 0.24921875 0.034375 0.04453125
0 0.4234375 0.2671875 0.0421875 0.05625
0 0.484375 0.290625 0.053125 0.0734375
0 0.58125 0.3 0.059375 0.0765625
0 0.703125 0.34765625 0.0875 0.1046875
0 0.94609375 0.43125 0.1078125 0.1625
>>>>>>> c9556306391b7ee450ce0db69384df37c899f0a7
1 0.10625 0.21171875 0.0234375 0.021875