0 0.82109375 0.57890625 0.3578125 0.4296875
0 0.4109375 0.484375 0.2515625 0.2625
0 0.25625 0.44921875 0.1765625 0.16875
0 0.18671875 0.4046875 0.121875 0.1203125
0 0.14921875 0.38984375 0.0984375 0.1
0 0.121875 0.3609375 0.0828125 0.0796875
0 0.09609375 0.34296875 0.05625 0.0578125
0 0.07890625 0.33203125 0.0578125 0.059375
0 0.0515625 0.3328125 0.0484375 0.05
0 0.04140625 0.3296875 0.0484375 0.0421875
0 0.03203125 0.334375 0.0421875 0.0421875
0 0.009375 0.34140625 0.01875 0.0390625
0 0.01015625 0.35234375 0.0203125 0.0421875
0 0.00859375 0.3671875 0.0171875 0.0375
1 0.1125 0.25546875 0.0296875 0.03125
1 0.15703125 0.234375 0.0359375 0.0375
1 0.2 0.2171875 0.0359375 0.034375
1 0.23984375 0.2 0.0375 0.0390625
1 0.2796875 0.18203125 0.0421875 0.040625
1 0.3171875 0.16484375 0.0359375 0.0375
1 0.3578125 0.146875 0.0375 0.0390625
1 0.38828125 0.13515625 0.0515625 0.0515625
1 0.428125 0.1203125 0.0453125 0.046875
1 0.4796875 0.1015625 0.05 0.0515625
1 0.525 0.0859375 0.0546875 0.05625
1 0.58359375 0.06953125 0.0578125 0.059375
1 0.6359375 0.0515625 0.065625 0.0625
1 0.7046875 0.0328125 0.071875 0.065625
1 0.78359375 0.01875 0.0703125 0.0375