0 0.00703125 0.38046875 0.0140625 0.0296875
0 0.02734375 0.33671875 0.03125 0.0296875
0 0.11328125 0.29296875 0.0296875 0.0265625
0 0.27734375 0.22265625 0.0265625 0.025
0 0.25859375 0.22890625 0.028125 0.0296875
0 0.24375 0.24375 0.0296875 0.0328125
0 0.22109375 0.25546875 0.034375 0.034375
0 0.1890625 0.2734375 0.040625 0.0390625
0 0.16484375 0.2921875 0.0359375 0.034375
0 0.13671875 0.31171875 0.0390625 0.0390625
0 0.11171875 0.33046875 0.0375 0.0359375
0 0.08359375 0.34453125 0.0375 0.0390625
0 0.071875 0.35625 0.053125 0.0515625
0 0.065625 0.37578125 0.0453125 0.0421875
0 0.059375 0.396875 0.0625 0.0609375
0 0.05078125 0.40703125 0.071875 0.075
0 0.03828125 0.4421875 0.0765625 0.096875
0 0.02890625 0.48046875 0.0578125 0.1171875
0 0.025 0.521875 0.05 0.125
1 0.00703125 0.3734375 0.0140625 0.03125
1 0.0078125 0.34296875 0.015625 0.0265625
1 0.07265625 0.3078125 0.025 0.028125
1 0.14609375 0.2703125 0.0328125 0.03125
1 0.28203125 0.20859375 0.0265625 0.025
1 0.22265625 0.2359375 0.021875 0.0234375
1 0.31953125 0.1921875 0.0234375 0.021875
1 0.35625 0.17734375 0.0234375 0.0234375
1 0.3890625 0.16171875 0.0234375 0.021875
1 0.42265625 0.1453125 0.0265625 0.0265625
1 0.45390625 0.13125 0.028125 0.028125
1 0.47265625 0.12265625 0.0234375 0.0265625
1 0.48984375 0.115625 0.0265625 0.028125
1 0.515625 0.10390625 0.028125 0.028125
1 0.54609375 0.103125 0.0359375 0.0359375
1 0.525 0.125 0.0375 0.0390625
1 0.5 0.13984375 0.03125 0.0359375
1 0.51484375 0.14140625 0.0390625 0.0421875
1 0.528125 0.140625 0.040625 0.0421875
1 0.5484375 0.140625 0.0515625 0.053125
1 0.58828125 0.13203125 0.0671875 0.065625
1 0.64453125 0.11640625 0.071875 0.0765625
1 0.7953125 0.075 0.0890625 0.0859375
1 0.728125 0.09609375 0.0859375 0.0875