1 0.959375 0.40546875 0.08125 0.1234375
1 0.9 0.340625 0.096875 0.0875
1 0.8265625 0.28046875 0.0828125 0.0859375
1 0.7484375 0.24296875 0.0703125 0.0734375
1 0.690625 0.2015625 0.0765625 0.084375
1 0.62421875 0.17421875 0.059375 0.0671875
1 0.58125 0.14765625 0.05625 0.059375
1 0.5171875 0.1234375 0.059375 0.0625
1 0.46796875 0.0953125 0.0515625 0.05625
1 0.44453125 0.0859375 0.034375 0.034375
1 0.4046875 0.0703125 0.0328125 0.034375
1 0.37265625 0.05 0.040625 0.0421875
1 0.34609375 0.03984375 0.0296875 0.034375
1 0.32890625 0.0265625 0.025 0.03125
1 0.32578125 0.01640625 0.0234375 0.028125
1 0.31796875 0.01171875 0.0265625 0.0234375