0 0.2171875 0.27890625 0.1171875 0.11328125
0 0.51015625 0.28515625 0.1046875 0.10859375
0 0.81640625 0.296875 0.12890625 0.11328125
0 0.9828125 0.35078125 0.03359375 0.11328125
1 0.96796875 0.15 0.06328125 0.0765625
1 0.82890625 0.14921875 0.05390625 0.078125
1 0.70078125 0.1453125 0.05234375 0.06640625
1 0.6 0.1390625 0.04375 0.0609375
1 0.49609375 0.1359375 0.0421875 0.05625
1 0.3734375 0.1265625 0.0421875 0.05234375
1 0.27734375 0.1265625 0.05078125 0.06328125
1 0.17578125 0.13125 0.06328125 0.05390625
1 0.05078125 0.13984375 0.05625 0.0703125