1 0.15703125 0.04609375 0.0703125 0.0703125
1 0.24140625 0.06015625 0.071875 0.0765625
1 0.3109375 0.06953125 0.05625 0.053125
1 0.3640625 0.08359375 0.053125 0.053125
1 0.42265625 0.09375 0.0484375 0.05
1 0.46953125 0.1046875 0.046875 0.0453125
1 0.52421875 0.11328125 0.0453125 0.0484375
1 0.565625 0.125 0.04375 0.0453125
1 0.6 0.13515625 0.0375 0.0375
1 0.640625 0.1453125 0.0328125 0.0359375
1 0.67890625 0.15703125 0.034375 0.0359375
1 0.72265625 0.16953125 0.0328125 0.0359375
1 0.76328125 0.18125 0.0328125 0.0328125
1 0.81171875 0.19609375 0.028125 0.0265625
1 0.8546875 0.20859375 0.028125 0.028125
0 0.58984375 0.47421875 0.240625 0.253125
0 0.7328125 0.41640625 0.1671875 0.1515625
0 0.79921875 0.3671875 0.121875 0.1171875
0 0.82265625 0.3484375 0.10625 0.0921875
0 0.853125 0.3171875 0.0859375 0.0859375
0 0.88125 0.29609375 0.0578125 0.065625
0 0.89375 0.284375 0.059375 0.0609375
0 0.9234375 0.2859375 0.0484375 0.0578125
0 0.93359375 0.28203125 0.0484375 0.0515625
0 0.94453125 0.27734375 0.04375 0.046875
0 0.95546875 0.27734375 0.0359375 0.04375
0 0.9734375 0.28046875 0.0421875 0.040625