<<<<<<< HEAD
1 0.98828125 0.2546875 0.0234375 0.084375
1 0.92734375 0.22890625 0.0625 0.0671875
1 0.85546875 0.20703125 0.053125 0.0546875
1 0.79921875 0.19140625 0.0515625 0.0578125
1 0.74609375 0.17578125 0.05 0.05
1 0.69765625 0.16015625 0.0390625 0.046875
1 0.64765625 0.1515625 0.0421875 0.05
1 0.603125 0.13828125 0.0421875 0.046875
1 0.56484375 0.128125 0.0359375 0.040625
1 0.52578125 0.1234375 0.0375 0.0390625
1 0.49140625 0.11640625 0.034375 0.0328125
1 0.44140625 0.11015625 0.0359375 0.0359375
1 0.40078125 0.103125 0.0328125 0.0359375
1 0.353125 0.08984375 0.034375 0.03125
1 0.3078125 0.084375 0.025 0.03125
0 0.0671875 0.06796875 0.025 0.03125
0 0.096875 0.078125 0.0328125 0.0328125
0 0.1234375 0.08359375 0.0375 0.0421875
0 0.1671875 0.08984375 0.0328125 0.03125
0 0.2078125 0.10859375 0.046875 0.0421875
0 0.21171875 0.121875 0.0453125 0.053125
0 0.23671875 0.12734375 0.0546875 0.05625
0 0.246875 0.14921875 0.059375 0.0578125
0 0.2546875 0.1765625 0.084375 0.06875
0 0.2625 0.21953125 0.1 0.0875
0 0.2828125 0.25546875 0.1171875 0.1078125
0 0.32265625 0.328125 0.1640625 0.159375
0 0.4265625 0.45234375 0.2125 0.2421875
=======
1 0.98828125 0.2546875 0.0234375 0.084375
1 0.92734375 0.22890625 0.0625 0.0671875
1 0.85546875 0.20703125 0.053125 0.0546875
1 0.79921875 0.19140625 0.0515625 0.0578125
1 0.74609375 0.17578125 0.05 0.05
1 0.69765625 0.16015625 0.0390625 0.046875
1 0.64765625 0.1515625 0.0421875 0.05
1 0.603125 0.13828125 0.0421875 0.046875
1 0.56484375 0.128125 0.0359375 0.040625
1 0.52578125 0.1234375 0.0375 0.0390625
1 0.49140625 0.11640625 0.034375 0.0328125
1 0.44140625 0.11015625 0.0359375 0.0359375
1 0.40078125 0.103125 0.0328125 0.0359375
1 0.353125 0.08984375 0.034375 0.03125
1 0.3078125 0.084375 0.025 0.03125
0 0.0671875 0.06796875 0.025 0.03125
0 0.096875 0.078125 0.0328125 0.0328125
0 0.1234375 0.08359375 0.0375 0.0421875
0 0.1671875 0.08984375 0.0328125 0.03125
0 0.2078125 0.10859375 0.046875 0.0421875
0 0.21171875 0.121875 0.0453125 0.053125
0 0.23671875 0.12734375 0.0546875 0.05625
0 0.246875 0.14921875 0.059375 0.0578125
0 0.2546875 0.1765625 0.084375 0.06875
0 0.2625 0.21953125 0.1 0.0875
0 0.2828125 0.25546875 0.1171875 0.1078125
0 0.32265625 0.328125 0.1640625 0.159375
0 0.4265625 0.45234375 0.2125 0.2421875
>>>>>>> c9556306391b7ee450ce0db69384df37c899f0a7
0 0.75 0.7890625 0.3625 0.403125