0 0.88046875 0.15859375 0.071875 0.10625
0 0.75234375 0.1625 0.1109375 0.1046875
0 0.63515625 0.1953125 0.090625 0.090625
0 0.7453125 0.08671875 0.059375 0.0578125
1 0.840625 0.02109375 0.01875 0.028125
1 0.6140625 0.10859375 0.0390625 0.0390625
1 0.4890625 0.16171875 0.0359375 0.0390625
1 0.390625 0.2 0.03125 0.03125
0 0.4390625 0.23125 0.0640625 0.0546875
0 0.46640625 0.21015625 0.06875 0.0703125
0 0.48203125 0.2203125 0.0515625 0.0546875
0 0.53984375 0.21171875 0.0828125 0.0828125
0 0.54921875 0.16484375 0.05625 0.059375
1 0.3296875 0.228125 0.0390625 0.0375
1 0.265625 0.2484375 0.034375 0.0359375
1 0.2015625 0.28125 0.0390625 0.040625
1 0.14140625 0.31015625 0.0421875 0.04375
1 0.075 0.3390625 0.04375 0.0453125
1 0.02578125 0.35546875 0.0453125 0.046875
1 0.0125 0.3828125 0.025 0.046875
1 0.009375 0.415625 0.01875 0.05