1 0.03203125 0.2046875 0.028125 0.02578125
1 0.08671875 0.20390625 0.02890625 0.02578125
1 0.1453125 0.20078125 0.0296875 0.021875
1 0.1875 0.1984375 0.0328125 0.025
1 0.2390625 0.19453125 0.025 0.0265625
1 0.290625 0.19453125 0.03203125 0.02421875
1 0.35 0.190625 0.0296875 0.03125
1 0.40625 0.18984375 0.021875 0.0265625
1 0.46328125 0.18671875 0.028125 0.025
1 0.5265625 0.17890625 0.02578125 0.02109375
1 0.57578125 0.1828125 0.02265625 0.02265625
1 0.621875 0.17578125 0.02734375 0.02578125
1 0.6703125 0.17265625 0.02265625 0.0203125
1 0.71875 0.16484375 0.01875 0.0203125
1 0.7625 0.1640625 0.0265625 0.02265625
1 0.80859375 0.15859375 0.02265625 0.02421875
1 0.859375 0.15546875 0.02734375 0.01640625
1 0.90625 0.15234375 0.02578125 0.01640625
1 0.965625 0.15 0.02421875 0.01640625
0 0.965625 0.17265625 0.03203125 0.02890625
0 0.8984375 0.17421875 0.0328125 0.03203125
0 0.85703125 0.17734375 0.0296875 0.03203125
0 0.796875 0.18359375 0.02890625 0.02578125
0 0.740625 0.1875 0.0296875 0.028125
0 0.67109375 0.1921875 0.03125 0.0265625
0 0.590625 0.1953125 0.03125 0.02578125
0 0.5171875 0.209375 0.0328125 0.034375
0 0.4359375 0.20625 0.03203125 0.03203125
0 0.35625 0.215625 0.0359375 0.03125
0 0.27265625 0.21484375 0.03125 0.02890625
0 0.19921875 0.22421875 0.03515625 0.0328125
0 0.11875 0.21953125 0.03203125 0.028125
0 0.02109375 0.22578125 0.03359375 0.02734375