1 0.0671875 0.2109375 0.0578125 0.059375
1 0.1609375 0.20390625 0.0578125 0.06015625
1 0.24765625 0.2015625 0.05234375 0.04921875
1 0.371875 0.2 0.04921875 0.0578125
1 0.50234375 0.2109375 0.04296875 0.03984375
1 0.590625 0.2078125 0.046875 0.05078125
1 0.71640625 0.2109375 0.0453125 0.05859375
1 0.8328125 0.21875 0.04765625 0.0515625
1 0.9765625 0.2265625 0.04609375 0.05546875
0 0.89921875 0.41015625 0.1484375 0.15
0 0.665625 0.37109375 0.12890625 0.1296875
0 0.3765625 0.3640625 0.11640625 0.1140625
0 0.07578125 0.3703125 0.1265625 0.1203125