<<<<<<< HEAD
0 0.79375 0.18828125 0.175 0.16875
0 0.60546875 0.29765625 0.15625 0.146875
0 0.73515625 0.00703125 0.0296875 0.0140625
0 0.67265625 0.00546875 0.0234375 0.0109375
0 0.61171875 0.0171875 0.01875 0.0203125
0 0.55625 0.0421875 0.01875 0.0203125
0 0.50546875 0.0640625 0.0171875 0.0203125
0 0.46171875 0.0859375 0.0140625 0.0140625
0 0.415625 0.1015625 0.01875 0.0203125
0 0.33828125 0.134375 0.0140625 0.01875
0 0.371875 0.12109375 0.0140625 0.0171875
1 0.40234375 0.103125 0.015625 0.0171875
1 0.434375 0.08671875 0.0125 0.015625
1 0.47265625 0.07421875 0.0171875 0.01875
1 0.51171875 0.05625 0.01875 0.0171875
1 0.6 0.01953125 0.0171875 0.01875
1 0.64765625 0.00625 0.0234375 0.0125
1 0.69296875 0.00390625 0.0171875 0.0078125
=======
0 0.79375 0.18828125 0.175 0.16875
0 0.60546875 0.29765625 0.15625 0.146875
0 0.73515625 0.00703125 0.0296875 0.0140625
0 0.67265625 0.00546875 0.0234375 0.0109375
0 0.61171875 0.0171875 0.01875 0.0203125
0 0.55625 0.0421875 0.01875 0.0203125
0 0.50546875 0.0640625 0.0171875 0.0203125
0 0.46171875 0.0859375 0.0140625 0.0140625
0 0.415625 0.1015625 0.01875 0.0203125
0 0.33828125 0.134375 0.0140625 0.01875
0 0.371875 0.12109375 0.0140625 0.0171875
1 0.40234375 0.103125 0.015625 0.0171875
1 0.434375 0.08671875 0.0125 0.015625
1 0.47265625 0.07421875 0.0171875 0.01875
1 0.51171875 0.05625 0.01875 0.0171875
1 0.6 0.01953125 0.0171875 0.01875
1 0.64765625 0.00625 0.0234375 0.0125
1 0.69296875 0.00390625 0.0171875 0.0078125
>>>>>>> c9556306391b7ee450ce0db69384df37c899f0a7
1 0.75234375 0.00546875 0.0234375 0.0109375