0 0.86953125 0.26875 0.08046875 0.07578125
0 0.753125 0.23046875 0.0546875 0.04296875
0 0.6765625 0.20234375 0.04296875 0.04453125
0 0.6390625 0.18828125 0.03515625 0.03671875
0 0.60859375 0.1734375 0.025 0.03515625
0 0.584375 0.16875 0.02421875 0.01953125
0 0.56640625 0.15859375 0.021875 0.028125
0 0.54921875 0.15234375 0.01953125 0.01796875
0 0.5359375 0.15234375 0.015625 0.015625
0 0.521875 0.146875 0.01796875 0.01640625
1 0.0125 0.14609375 0.015625 0.01953125
1 0.2921875 0.14921875 0.0171875 0.01875
1 0.275 0.1515625 0.0140625 0.015625
1 0.2578125 0.1546875 0.021875 0.021875
1 0.2375 0.1640625 0.02734375 0.0203125
1 0.21796875 0.16875 0.0296875 0.02265625
1 0.18515625 0.17578125 0.03046875 0.03125
1 0.146875 0.18984375 0.04921875 0.0359375
1 0.10546875 0.2125 0.04375 0.03828125
1 0.021875 0.2375 0.04296875 0.05703125