<<<<<<< HEAD
1 0.028125 0.1828125 0.05546875 0.05546875
1 0.1125 0.16796875 0.05390625 0.0625
1 0.18125 0.1546875 0.0453125 0.04140625
1 0.2359375 0.15078125 0.04140625 0.04140625
1 0.29453125 0.14140625 0.03828125 0.0390625
1 0.3421875 0.1359375 0.03671875 0.0359375
1 0.396875 0.1265625 0.034375 0.03984375
1 0.43984375 0.12421875 0.034375 0.0359375
1 0.47578125 0.12265625 0.02890625 0.03046875
1 0.5171875 0.11875 0.025 0.02890625
1 0.5578125 0.1171875 0.0265625 0.028125
1 0.603125 0.11484375 0.025 0.0296875
1 0.6453125 0.1125 0.0265625 0.02578125
1 0.6953125 0.1109375 0.021875 0.02109375
1 0.740625 0.10859375 0.02265625 0.02265625
0 0.5765625 0.44609375 0.184375 0.2046875
0 0.69296875 0.3453125 0.1375 0.1125
0 0.73984375 0.2765625 0.096875 0.09140625
0 0.75546875 0.2515625 0.0890625 0.0671875
0 0.77421875 0.2125 0.0671875 0.0671875
0 0.79375 0.1828125 0.0421875 0.05546875
0 0.80234375 0.16796875 0.0453125 0.04921875
0 0.83046875 0.16015625 0.034375 0.04921875
0 0.8390625 0.15234375 0.0359375 0.04296875
0 0.84765625 0.14453125 0.03359375 0.0375
0 0.85859375 0.14140625 0.02421875 0.03828125
0 0.8765625 0.13828125 0.03359375 0.03203125
0 0.9203125 0.13203125 0.03359375 0.0359375
0 0.95 0.134375 0.025 0.02890625
=======
1 0.028125 0.1828125 0.05546875 0.05546875
1 0.1125 0.16796875 0.05390625 0.0625
1 0.18125 0.1546875 0.0453125 0.04140625
1 0.2359375 0.15078125 0.04140625 0.04140625
1 0.29453125 0.14140625 0.03828125 0.0390625
1 0.3421875 0.1359375 0.03671875 0.0359375
1 0.396875 0.1265625 0.034375 0.03984375
1 0.43984375 0.12421875 0.034375 0.0359375
1 0.47578125 0.12265625 0.02890625 0.03046875
1 0.5171875 0.11875 0.025 0.02890625
1 0.5578125 0.1171875 0.0265625 0.028125
1 0.603125 0.11484375 0.025 0.0296875
1 0.6453125 0.1125 0.0265625 0.02578125
1 0.6953125 0.1109375 0.021875 0.02109375
1 0.740625 0.10859375 0.02265625 0.02265625
0 0.5765625 0.44609375 0.184375 0.2046875
0 0.69296875 0.3453125 0.1375 0.1125
0 0.73984375 0.2765625 0.096875 0.09140625
0 0.75546875 0.2515625 0.0890625 0.0671875
0 0.77421875 0.2125 0.0671875 0.0671875
0 0.79375 0.1828125 0.0421875 0.05546875
0 0.80234375 0.16796875 0.0453125 0.04921875
0 0.83046875 0.16015625 0.034375 0.04921875
0 0.8390625 0.15234375 0.0359375 0.04296875
0 0.84765625 0.14453125 0.03359375 0.0375
0 0.85859375 0.14140625 0.02421875 0.03828125
0 0.8765625 0.13828125 0.03359375 0.03203125
0 0.9203125 0.13203125 0.03359375 0.0359375
0 0.95 0.134375 0.025 0.02890625
>>>>>>> c9556306391b7ee450ce0db69384df37c899f0a7
0 0.9875 0.1265625 0.025 0.03125