<<<<<<< HEAD
0 0.4890625 0.35078125 0.1109375 0.1375
0 0.95078125 0.3703125 0.0984375 0.1125
1 0.9921875 0.246875 0.015625 0.0375
1 0.83125 0.2359375 0.0453125 0.0375
1 0.64453125 0.2234375 0.046875 0.0453125
1 0.425 0.20546875 0.05 0.046875
=======
0 0.4890625 0.35078125 0.1109375 0.1375
0 0.95078125 0.3703125 0.0984375 0.1125
1 0.9921875 0.246875 0.015625 0.0375
1 0.83125 0.2359375 0.0453125 0.0375
1 0.64453125 0.2234375 0.046875 0.0453125
1 0.425 0.20546875 0.05 0.046875
>>>>>>> c9556306391b7ee450ce0db69384df37c899f0a7
1 0.17734375 0.19453125 0.0578125 0.046875