0 0.90078125 0.3484375 0.13515625 0.121875
0 0.68359375 0.36484375 0.12421875 0.103125
0 0.94453125 0.12734375 0.0234375 0.01953125
0 0.87578125 0.1234375 0.0171875 0.01796875
0 0.81171875 0.11484375 0.0125 0.0171875
0 0.75078125 0.11328125 0.01171875 0.0171875
0 0.69609375 0.1109375 0.0109375 0.0171875
0 0.646875 0.1109375 0.01015625 0.0109375
0 0.59921875 0.1046875 0.0125 0.0171875
0 0.51484375 0.10078125 0.00703125 0.0171875
0 0.55078125 0.103125 0.0078125 0.015625
1 0.5859375 0.10078125 0.0109375 0.0140625
1 0.621875 0.1 0.0078125 0.01328125
1 0.66171875 0.10546875 0.0125 0.01484375
1 0.70546875 0.10625 0.01484375 0.0125
1 0.80078125 0.11171875 0.0125 0.01484375
1 0.8515625 0.115625 0.0171875 0.0171875
1 0.90078125 0.11953125 0.0125 0.01328125
1 0.96328125 0.125 0.0171875 0.01796875