<<<<<<< HEAD
1 0.984375 0.459375 0.03125 0.090625
1 0.88046875 0.353125 0.0875 0.084375
1 0.78203125 0.29140625 0.065625 0.06875
1 0.72578125 0.25703125 0.0453125 0.053125
1 0.68671875 0.234375 0.0359375 0.040625
1 0.65859375 0.21484375 0.0328125 0.0359375
1 0.640625 0.19921875 0.028125 0.0296875
1 0.61484375 0.19140625 0.0265625 0.0296875
0 0.1 0.1453125 0.071875 0.0734375
0 0.17109375 0.14140625 0.0515625 0.04375
0 0.2234375 0.12890625 0.040625 0.0375
0 0.26484375 0.12109375 0.0328125 0.0359375
0 0.29453125 0.12890625 0.034375 0.034375
=======
1 0.984375 0.459375 0.03125 0.090625
1 0.88046875 0.353125 0.0875 0.084375
1 0.78203125 0.29140625 0.065625 0.06875
1 0.72578125 0.25703125 0.0453125 0.053125
1 0.68671875 0.234375 0.0359375 0.040625
1 0.65859375 0.21484375 0.0328125 0.0359375
1 0.640625 0.19921875 0.028125 0.0296875
1 0.61484375 0.19140625 0.0265625 0.0296875
0 0.1 0.1453125 0.071875 0.0734375
0 0.17109375 0.14140625 0.0515625 0.04375
0 0.2234375 0.12890625 0.040625 0.0375
0 0.26484375 0.12109375 0.0328125 0.0359375
0 0.29453125 0.12890625 0.034375 0.034375
>>>>>>> c9556306391b7ee450ce0db69384df37c899f0a7
0 0.32265625 0.1265625 0.028125 0.028125