0 0.0703125 0.11015625 0.0578125 0.0546875
0 0.11484375 0.0859375 0.05625 0.05
0 0.146875 0.075 0.046875 0.0453125
0 0.17265625 0.06484375 0.0390625 0.0359375
0 0.19375 0.06328125 0.0203125 0.0265625
0 0.21171875 0.05546875 0.0203125 0.021875
0 0.23125 0.05234375 0.021875 0.028125
0 0.25703125 0.0578125 0.0234375 0.0234375
0 0.30859375 0.06640625 0.0234375 0.021875
0 0.36171875 0.0734375 0.025 0.025
0 0.39609375 0.07734375 0.0203125 0.0203125
0 0.4484375 0.08828125 0.025 0.021875
0 0.49765625 0.0984375 0.025 0.0234375
0 0.54921875 0.1078125 0.0234375 0.025
0 0.60234375 0.11484375 0.0234375 0.0171875
0 0.6546875 0.12734375 0.021875 0.01875
0 0.70703125 0.13203125 0.025 0.0234375
0 0.75703125 0.140625 0.021875 0.021875
0 0.80234375 0.14921875 0.0234375 0.0203125
0 0.84296875 0.15625 0.021875 0.0171875
0 0.88515625 0.1609375 0.021875 0.0234375
0 0.93828125 0.1703125 0.0234375 0.0234375
0 0.978125 0.17265625 0.0203125 0.01875
1 0.996875 0.16796875 0.00625 0.0203125
1 0.959375 0.16171875 0.01875 0.01875
1 0.934375 0.15703125 0.0171875 0.0203125
1 0.903125 0.1546875 0.0203125 0.0203125
1 0.8640625 0.146875 0.0203125 0.0203125
1 0.83203125 0.14296875 0.0140625 0.015625
1 0.77578125 0.134375 0.0171875 0.0171875
1 0.80546875 0.1375 0.015625 0.0125
1 0.74140625 0.1265625 0.01875 0.0203125
1 0.696875 0.115625 0.0171875 0.0171875
1 0.6640625 0.1171875 0.01875 0.0203125
1 0.62109375 0.1078125 0.015625 0.01875
1 0.58203125 0.09921875 0.0234375 0.01875
1 0.5390625 0.0953125 0.0203125 0.0203125
1 0.4203125 0.0703125 0.01875 0.0234375
1 0.46015625 0.08046875 0.0203125 0.021875
1 0.38125 0.06484375 0.0171875 0.021875
1 0.33671875 0.05859375 0.01875 0.0203125
1 0.3 0.05234375 0.0171875 0.01875
1 0.25625 0.04453125 0.01875 0.01875
1 0.21171875 0.03671875 0.0171875 0.0203125
1 0.17734375 0.0296875 0.0203125 0.0171875
1 0.14765625 0.028125 0.015625 0.0203125
1 0.1046875 0.02421875 0.0203125 0.0234375