0 0.890625 0.06484375 0.0234375 0.025
0 0.80390625 0.07109375 0.015625 0.0203125
0 0.65625 0.09453125 0.0171875 0.0203125
0 0.67265625 0.0875 0.015625 0.0203125
0 0.68515625 0.0890625 0.0109375 0.0171875
0 0.70078125 0.0890625 0.01875 0.0296875
0 0.72734375 0.08671875 0.0296875 0.028125
0 0.75 0.08671875 0.015625 0.0171875
0 0.76953125 0.09296875 0.0234375 0.0234375
0 0.79140625 0.09140625 0.03125 0.0265625
0 0.790625 0.10546875 0.034375 0.0359375
0 0.784375 0.1234375 0.0484375 0.046875
0 0.7796875 0.146875 0.0515625 0.046875
0 0.80390625 0.16171875 0.0671875 0.0578125
0 0.85390625 0.17265625 0.08125 0.075
0 0.92890625 0.18359375 0.075 0.10625
1 0.93125 0.04453125 0.015625 0.03125
1 0.8609375 0.0625 0.0203125 0.0265625
1 0.78671875 0.0640625 0.015625 0.0234375
1 0.6296875 0.0921875 0.015625 0.0203125
1 0.59140625 0.0984375 0.015625 0.0171875
1 0.5609375 0.10390625 0.0234375 0.0265625
1 0.52890625 0.109375 0.0265625 0.025
1 0.4984375 0.1109375 0.0125 0.015625
1 0.4765625 0.11484375 0.015625 0.0125
1 0.465625 0.1171875 0.01875 0.0203125
1 0.44375 0.12109375 0.0203125 0.01875
1 0.46328125 0.1375 0.0390625 0.0359375
1 0.45 0.1453125 0.034375 0.034375
1 0.425 0.1515625 0.034375 0.034375
1 0.39140625 0.1609375 0.028125 0.0328125
1 0.353125 0.17421875 0.028125 0.0328125
1 0.31953125 0.178125 0.0328125 0.0359375
1 0.2796875 0.19296875 0.0421875 0.0375
1 0.21640625 0.21171875 0.05 0.046875
1 0.16640625 0.228125 0.05625 0.0625
1 0.10859375 0.24765625 0.0609375 0.059375
1 0.03515625 0.26953125 0.0703125 0.0703125
1 0.00859375 0.30625 0.0171875 0.078125