<<<<<<< HEAD
0 0.20390625 0.025 0.0328125 0.03125
0 0.153125 0.0515625 0.04375 0.05
0 0.18203125 0.06171875 0.0484375 0.04375
0 0.22109375 0.06640625 0.0390625 0.04375
0 0.253125 0.06953125 0.0453125 0.0453125
0 0.2921875 0.07578125 0.0375 0.0390625
0 0.325 0.0875 0.0359375 0.034375
0 0.35859375 0.09296875 0.0296875 0.0359375
0 0.37109375 0.09765625 0.0421875 0.04375
0 0.3921875 0.1109375 0.0296875 0.0328125
1 0.2375 0.034375 0.03125 0.0328125
1 0.434375 0.10625 0.025 0.0265625
1 0.4765625 0.11875 0.021875 0.021875
1 0.5171875 0.13828125 0.0265625 0.028125
1 0.55546875 0.1484375 0.025 0.025
1 0.5921875 0.1640625 0.0265625 0.0296875
1 0.6140625 0.17265625 0.0296875 0.0328125
1 0.63515625 0.184375 0.03125 0.034375
1 0.6703125 0.2 0.0421875 0.046875
1 0.66953125 0.22890625 0.059375 0.0609375
1 0.6828125 0.2515625 0.053125 0.05625
1 0.715625 0.271875 0.0546875 0.059375
1 0.775 0.3046875 0.0703125 0.071875
1 0.83828125 0.340625 0.078125 0.0734375
1 0.934375 0.403125 0.0828125 0.0828125
=======
0 0.20390625 0.025 0.0328125 0.03125
0 0.153125 0.0515625 0.04375 0.05
0 0.18203125 0.06171875 0.0484375 0.04375
0 0.22109375 0.06640625 0.0390625 0.04375
0 0.253125 0.06953125 0.0453125 0.0453125
0 0.2921875 0.07578125 0.0375 0.0390625
0 0.325 0.0875 0.0359375 0.034375
0 0.35859375 0.09296875 0.0296875 0.0359375
0 0.37109375 0.09765625 0.0421875 0.04375
0 0.3921875 0.1109375 0.0296875 0.0328125
1 0.2375 0.034375 0.03125 0.0328125
1 0.434375 0.10625 0.025 0.0265625
1 0.4765625 0.11875 0.021875 0.021875
1 0.5171875 0.13828125 0.0265625 0.028125
1 0.55546875 0.1484375 0.025 0.025
1 0.5921875 0.1640625 0.0265625 0.0296875
1 0.6140625 0.17265625 0.0296875 0.0328125
1 0.63515625 0.184375 0.03125 0.034375
1 0.6703125 0.2 0.0421875 0.046875
1 0.66953125 0.22890625 0.059375 0.0609375
1 0.6828125 0.2515625 0.053125 0.05625
1 0.715625 0.271875 0.0546875 0.059375
1 0.775 0.3046875 0.0703125 0.071875
1 0.83828125 0.340625 0.078125 0.0734375
1 0.934375 0.403125 0.0828125 0.0828125
>>>>>>> c9556306391b7ee450ce0db69384df37c899f0a7
1 0.9875 0.44140625 0.025 0.0984375