1 0.00625 0.17421875 0.01171875 0.03046875
1 0.12421875 0.1828125 0.053125 0.05625
1 0.221875 0.1734375 0.0546875 0.04140625
1 0.3109375 0.17734375 0.05078125 0.04609375
1 0.38984375 0.1828125 0.0421875 0.03828125
1 0.4359375 0.17265625 0.0390625 0.0359375
1 0.47265625 0.17265625 0.0296875 0.040625
1 0.50625 0.1671875 0.03203125 0.03125
1 0.53359375 0.17109375 0.0265625 0.03125
1 0.56875 0.16640625 0.02109375 0.028125
1 0.590625 0.1671875 0.02421875 0.028125
1 0.6203125 0.16640625 0.025 0.028125
1 0.653125 0.171875 0.025 0.025
1 0.6796875 0.1671875 0.0171875 0.0265625
1 0.71015625 0.16796875 0.02109375 0.0296875
1 0.74375 0.1703125 0.02109375 0.02109375
1 0.77890625 0.171875 0.01796875 0.021875
1 0.8125 0.1734375 0.01953125 0.02109375
1 0.85 0.171875 0.0203125 0.02421875
1 0.8859375 0.17578125 0.021875 0.025
0 0.98828125 0.20234375 0.0234375 0.0265625
0 0.965625 0.20546875 0.02734375 0.02578125
0 0.93984375 0.19921875 0.0265625 0.03359375
0 0.9203125 0.21171875 0.02421875 0.028125
0 0.903125 0.21640625 0.02734375 0.0359375
0 0.89296875 0.2203125 0.0390625 0.034375
0 0.86953125 0.23359375 0.04453125 0.03828125
0 0.85390625 0.2390625 0.0390625 0.0390625
0 0.8234375 0.2484375 0.05078125 0.04921875
0 0.7703125 0.25703125 0.06171875 0.05859375
0 0.68203125 0.2734375 0.06328125 0.0546875
0 0.5703125 0.28359375 0.07265625 0.0671875
0 0.40703125 0.2890625 0.08828125 0.08984375
0 0.1984375 0.2890625 0.1015625 0.09296875