0 0.55 0.1578125 0.028125 0.021875
0 0.5296875 0.15390625 0.028125 0.028125
0 0.5171875 0.1546875 0.0234375 0.0203125
0 0.50703125 0.15703125 0.0375 0.03125
0 0.48125 0.16328125 0.0390625 0.0359375
0 0.49296875 0.15390625 0.0359375 0.03125
0 0.453125 0.1546875 0.0421875 0.0390625
0 0.4171875 0.1640625 0.05 0.0453125
0 0.3640625 0.16796875 0.06875 0.0625
0 0.2765625 0.1734375 0.0890625 0.0765625
0 0.12265625 0.1828125 0.09375 0.115625
1 0.74140625 0.23671875 0.0203125 0.01875
1 0.75625 0.24375 0.0203125 0.01875
1 0.76796875 0.25234375 0.0265625 0.025
1 0.778125 0.26171875 0.021875 0.0203125
1 0.79453125 0.275 0.03125 0.028125
1 0.81875 0.2875 0.03125 0.0296875
1 0.83828125 0.3078125 0.0421875 0.04375
1 0.8671875 0.33125 0.0453125 0.0390625
1 0.91484375 0.3703125 0.0546875 0.0484375
1 0.971875 0.415625 0.05625 0.071875
1 0.9625 0.325 0.0296875 0.028125