<<<<<<< HEAD
1 0.98984375 0.20859375 0.01640625 0.03671875
1 0.93515625 0.19609375 0.0390625 0.046875
1 0.88359375 0.19453125 0.034375 0.04140625
1 0.83828125 0.19375 0.0390625 0.0359375
1 0.7671875 0.18828125 0.03359375 0.03359375
1 0.69921875 0.18359375 0.0328125 0.02578125
1 0.6265625 0.18046875 0.03671875 0.03046875
1 0.56015625 0.1828125 0.03125 0.03125
1 0.49375 0.1828125 0.03359375 0.03203125
1 0.38828125 0.18359375 0.03125 0.02109375
1 0.24765625 0.18125 0.0296875 0.02265625
1 0.00390625 0.18359375 0.00703125 0.021875
0 0.11640625 0.21171875 0.04921875 0.03984375
0 0.32890625 0.2109375 0.04375 0.0421875
0 0.42734375 0.2203125 0.04375 0.05078125
0 0.4578125 0.228125 0.03984375 0.05
0 0.40859375 0.240625 0.053125 0.05859375
0 0.34921875 0.24296875 0.05390625 0.05546875
0 0.2578125 0.2703125 0.07421875 0.0671875
0 0.13203125 0.29453125 0.09296875 0.0875
=======
1 0.98984375 0.20859375 0.01640625 0.03671875
1 0.93515625 0.19609375 0.0390625 0.046875
1 0.88359375 0.19453125 0.034375 0.04140625
1 0.83828125 0.19375 0.0390625 0.0359375
1 0.7671875 0.18828125 0.03359375 0.03359375
1 0.69921875 0.18359375 0.0328125 0.02578125
1 0.6265625 0.18046875 0.03671875 0.03046875
1 0.56015625 0.1828125 0.03125 0.03125
1 0.49375 0.1828125 0.03359375 0.03203125
1 0.38828125 0.18359375 0.03125 0.02109375
1 0.24765625 0.18125 0.0296875 0.02265625
1 0.00390625 0.18359375 0.00703125 0.021875
0 0.11640625 0.21171875 0.04921875 0.03984375
0 0.32890625 0.2109375 0.04375 0.0421875
0 0.42734375 0.2203125 0.04375 0.05078125
0 0.4578125 0.228125 0.03984375 0.05
0 0.40859375 0.240625 0.053125 0.05859375
0 0.34921875 0.24296875 0.05390625 0.05546875
0 0.2578125 0.2703125 0.07421875 0.0671875
0 0.13203125 0.29453125 0.09296875 0.0875
>>>>>>> c9556306391b7ee450ce0db69384df37c899f0a7
0 0.01640625 0.3296875 0.0328125 0.0703125