<<<<<<< HEAD
1 0.9765625 0.22890625 0.046875 0.0671875
1 0.83671875 0.22109375 0.05234375 0.06953125
1 0.7125 0.2125 0.05390625 0.065625
1 0.59296875 0.2078125 0.05234375 0.06640625
1 0.50234375 0.20859375 0.040625 0.0578125
1 0.37265625 0.20078125 0.04765625 0.04921875
1 0.24765625 0.20390625 0.05546875 0.05546875
1 0.16015625 0.2046875 0.05625 0.0578125
1 0.06953125 0.2078125 0.0546875 0.04921875
0 0.0796875 0.36953125 0.128125 0.11875
0 0.3765625 0.365625 0.1203125 0.10859375
0 0.66484375 0.3703125 0.12890625 0.1328125
=======
1 0.9765625 0.22890625 0.046875 0.0671875
1 0.83671875 0.22109375 0.05234375 0.06953125
1 0.7125 0.2125 0.05390625 0.065625
1 0.59296875 0.2078125 0.05234375 0.06640625
1 0.50234375 0.20859375 0.040625 0.0578125
1 0.37265625 0.20078125 0.04765625 0.04921875
1 0.24765625 0.20390625 0.05546875 0.05546875
1 0.16015625 0.2046875 0.05625 0.0578125
1 0.06953125 0.2078125 0.0546875 0.04921875
0 0.0796875 0.36953125 0.128125 0.11875
0 0.3765625 0.365625 0.1203125 0.10859375
0 0.66484375 0.3703125 0.12890625 0.1328125
>>>>>>> c9556306391b7ee450ce0db69384df37c899f0a7
0 0.90078125 0.40859375 0.15234375 0.14921875