<<<<<<< HEAD
0 0.55625 0.28828125 0.1390625 0.1359375
0 0.1328125 0.1625 0.115625 0.1234375
1 0.1265625 0.0515625 0.05625 0.059375
1 0.290625 0.084375 0.0578125 0.053125
1 0.46171875 0.1375 0.05625 0.059375
1 0.6875 0.19375 0.05625 0.059375
=======
0 0.55625 0.28828125 0.1390625 0.1359375
0 0.1328125 0.1625 0.115625 0.1234375
1 0.1265625 0.0515625 0.05625 0.059375
1 0.290625 0.084375 0.0578125 0.053125
1 0.46171875 0.1375 0.05625 0.059375
1 0.6875 0.19375 0.05625 0.059375
>>>>>>> c9556306391b7ee450ce0db69384df37c899f0a7
1 0.93046875 0.25390625 0.0671875 0.078125