<<<<<<< HEAD
1 0.9671875 0.20546875 0.0234375 0.0234375
1 0.9125 0.203125 0.025 0.0234375
1 0.85703125 0.20234375 0.02421875 0.0234375
1 0.81640625 0.2 0.0203125 0.02421875
1 0.76015625 0.1953125 0.02421875 0.0265625
1 0.7109375 0.19375 0.025 0.028125
1 0.65 0.18984375 0.02890625 0.0296875
1 0.59296875 0.1890625 0.02421875 0.0265625
1 0.5375 0.1875 0.0234375 0.0265625
1 0.47265625 0.18125 0.0265625 0.02734375
1 0.42421875 0.18125 0.01875 0.02578125
1 0.37734375 0.17890625 0.02265625 0.02578125
1 0.3296875 0.16953125 0.02421875 0.0171875
1 0.2796875 0.16796875 0.025 0.0296875
1 0.19375 0.1625 0.0203125 0.02265625
1 0.23828125 0.16171875 0.0234375 0.02109375
1 0.14453125 0.1546875 0.02109375 0.0140625
1 0.0921875 0.15234375 0.02109375 0.0125
1 0.03359375 0.15078125 0.02421875 0.0203125
0 0.03515625 0.1734375 0.03046875 0.02890625
0 0.10078125 0.1734375 0.03125 0.03125
0 0.140625 0.17734375 0.034375 0.0296875
0 0.203125 0.18515625 0.0359375 0.02734375
0 0.259375 0.18984375 0.0328125 0.03359375
0 0.33125 0.19375 0.03203125 0.02890625
0 0.40703125 0.2015625 0.0296875 0.025
0 0.4828125 0.2078125 0.0328125 0.03125
0 0.56484375 0.20546875 0.03203125 0.0296875
0 0.6453125 0.215625 0.03671875 0.0328125
0 0.7265625 0.2140625 0.03203125 0.02734375
0 0.80078125 0.2234375 0.03671875 0.028125
0 0.87890625 0.2203125 0.0390625 0.0265625
=======
1 0.9671875 0.20546875 0.0234375 0.0234375
1 0.9125 0.203125 0.025 0.0234375
1 0.85703125 0.20234375 0.02421875 0.0234375
1 0.81640625 0.2 0.0203125 0.02421875
1 0.76015625 0.1953125 0.02421875 0.0265625
1 0.7109375 0.19375 0.025 0.028125
1 0.65 0.18984375 0.02890625 0.0296875
1 0.59296875 0.1890625 0.02421875 0.0265625
1 0.5375 0.1875 0.0234375 0.0265625
1 0.47265625 0.18125 0.0265625 0.02734375
1 0.42421875 0.18125 0.01875 0.02578125
1 0.37734375 0.17890625 0.02265625 0.02578125
1 0.3296875 0.16953125 0.02421875 0.0171875
1 0.2796875 0.16796875 0.025 0.0296875
1 0.19375 0.1625 0.0203125 0.02265625
1 0.23828125 0.16171875 0.0234375 0.02109375
1 0.14453125 0.1546875 0.02109375 0.0140625
1 0.0921875 0.15234375 0.02109375 0.0125
1 0.03359375 0.15078125 0.02421875 0.0203125
0 0.03515625 0.1734375 0.03046875 0.02890625
0 0.10078125 0.1734375 0.03125 0.03125
0 0.140625 0.17734375 0.034375 0.0296875
0 0.203125 0.18515625 0.0359375 0.02734375
0 0.259375 0.18984375 0.0328125 0.03359375
0 0.33125 0.19375 0.03203125 0.02890625
0 0.40703125 0.2015625 0.0296875 0.025
0 0.4828125 0.2078125 0.0328125 0.03125
0 0.56484375 0.20546875 0.03203125 0.0296875
0 0.6453125 0.215625 0.03671875 0.0328125
0 0.7265625 0.2140625 0.03203125 0.02734375
0 0.80078125 0.2234375 0.03671875 0.028125
0 0.87890625 0.2203125 0.0390625 0.0265625
>>>>>>> c9556306391b7ee450ce0db69384df37c899f0a7
0 0.978125 0.22578125 0.0359375 0.03125