0 0.89375 0.1375 0.0734375 0.065625
0 0.8203125 0.128125 0.053125 0.0453125
0 0.7703125 0.1265625 0.0421875 0.0421875
0 0.7296875 0.12265625 0.034375 0.03125
0 0.7015625 0.128125 0.03125 0.03125
0 0.6703125 0.1234375 0.025 0.0265625
1 0.01484375 0.46796875 0.0296875 0.0890625
1 0.11796875 0.3609375 0.0875 0.084375
1 0.2125 0.29296875 0.06875 0.0625
1 0.26875 0.2609375 0.0515625 0.0484375
1 0.30625 0.2359375 0.0359375 0.0390625
1 0.334375 0.21484375 0.0328125 0.034375
1 0.35703125 0.2 0.0265625 0.03125
1 0.3796875 0.196875 0.0234375 0.021875