0 0.95546875 0.24609375 0.0671875 0.0484375
0 0.88125 0.21328125 0.0515625 0.0484375
0 0.83671875 0.19921875 0.034375 0.034375
0 0.803125 0.184375 0.0359375 0.0390625
0 0.77734375 0.1796875 0.0234375 0.021875
0 0.76171875 0.16953125 0.0234375 0.0265625
0 0.74296875 0.1625 0.01875 0.021875
0 0.7265625 0.1625 0.0203125 0.01875
0 0.71015625 0.1578125 0.0203125 0.021875
1 0.48515625 0.1484375 0.0171875 0.01875
1 0.4703125 0.14921875 0.021875 0.0203125
1 0.45859375 0.15546875 0.021875 0.021875
1 0.44140625 0.15703125 0.0234375 0.025
1 0.42578125 0.16328125 0.0296875 0.03125
1 0.39921875 0.1703125 0.0359375 0.0359375
1 0.37109375 0.178125 0.0421875 0.0453125
1 0.334375 0.19375 0.046875 0.0421875
1 0.2703125 0.2140625 0.0609375 0.0578125
1 0.16484375 0.234375 0.0828125 0.075
1 0.2234375 0.12890625 0.0203125 0.021875