1 0.82734375 0.265625 0.0453125 0.0515625
1 0.690625 0.22890625 0.0390625 0.0421875
1 0.5921875 0.19609375 0.0328125 0.0328125
1 0.53046875 0.1765625 0.0390625 0.0359375
1 0.46328125 0.16015625 0.0328125 0.0359375
1 0.39609375 0.15234375 0.04375 0.040625
1 0.32734375 0.13125 0.0390625 0.0390625
1 0.25546875 0.11640625 0.0390625 0.0390625
1 0.2078125 0.10546875 0.0421875 0.04375
1 0.16484375 0.09609375 0.046875 0.05
1 0.10625 0.09375 0.0390625 0.05
0 0.7375 0.26015625 0.0484375 0.0515625
0 0.65390625 0.24375 0.05625 0.0515625
0 0.61328125 0.25 0.0640625 0.059375
0 0.65625 0.2703125 0.0546875 0.0578125
0 0.70703125 0.2953125 0.0734375 0.0703125
0 0.94609375 0.3203125 0.0640625 0.05625
0 0.78984375 0.334375 0.084375 0.0875
0 0.9046875 0.38203125 0.1078125 0.0984375
0 0.990625 0.4484375 0.01875 0.0875