1 0.51484375 0.06484375 0.0203125 0.015625
1 0.4078125 0.0703125 0.01953125 0.0203125
1 0.2703125 0.07890625 0.021875 0.0265625
1 0.16328125 0.084375 0.0265625 0.03203125
0 0.72421875 0.07421875 0.025 0.0265625
0 0.6859375 0.07421875 0.02421875 0.02265625
0 0.61484375 0.0875 0.028125 0.0359375
0 0.5 0.09609375 0.03046875 0.03359375
0 0.51796875 0.08828125 0.02265625 0.03125
0 0.4015625 0.103125 0.0359375 0.0390625
0 0.30703125 0.10859375 0.0359375 0.04140625
0 0.1546875 0.11875 0.0453125 0.05