<<<<<<< HEAD
0 0.96328125 0.63125 0.0734375 0.11875
0 0.86953125 0.50390625 0.1359375 0.1359375
0 0.78984375 0.43203125 0.1109375 0.1109375
0 0.7359375 0.37578125 0.09375 0.09375
0 0.78515625 0.36640625 0.071875 0.0734375
0 0.89375 0.42109375 0.090625 0.0921875
1 0.9703125 0.42578125 0.0546875 0.059375
1 0.828125 0.33671875 0.0515625 0.05
1 0.72421875 0.27578125 0.059375 0.05625
1 0.646875 0.2359375 0.0484375 0.046875
1 0.56953125 0.19765625 0.0515625 0.0515625
1 0.48984375 0.1578125 0.053125 0.053125
1 0.41328125 0.12109375 0.053125 0.053125
1 0.33515625 0.07578125 0.0578125 0.05625
1 0.278125 0.0484375 0.059375 0.0609375
=======
0 0.96328125 0.63125 0.0734375 0.11875
0 0.86953125 0.50390625 0.1359375 0.1359375
0 0.78984375 0.43203125 0.1109375 0.1109375
0 0.7359375 0.37578125 0.09375 0.09375
0 0.78515625 0.36640625 0.071875 0.0734375
0 0.89375 0.42109375 0.090625 0.0921875
1 0.9703125 0.42578125 0.0546875 0.059375
1 0.828125 0.33671875 0.0515625 0.05
1 0.72421875 0.27578125 0.059375 0.05625
1 0.646875 0.2359375 0.0484375 0.046875
1 0.56953125 0.19765625 0.0515625 0.0515625
1 0.48984375 0.1578125 0.053125 0.053125
1 0.41328125 0.12109375 0.053125 0.053125
1 0.33515625 0.07578125 0.0578125 0.05625
1 0.278125 0.0484375 0.059375 0.0609375
>>>>>>> c9556306391b7ee450ce0db69384df37c899f0a7
1 0.2125 0.03046875 0.065625 0.0609375