1 0.021875 0.30078125 0.04375 0.0921875
1 0.06484375 0.26015625 0.0828125 0.075
1 0.14453125 0.23125 0.0703125 0.06875
1 0.20859375 0.20859375 0.0578125 0.0734375
1 0.271875 0.190625 0.0546875 0.0625
1 0.3109375 0.17578125 0.04375 0.0484375
1 0.36328125 0.165625 0.040625 0.040625
1 0.41796875 0.14921875 0.03125 0.0328125
1 0.4484375 0.14765625 0.0296875 0.0375
1 0.48671875 0.13125 0.03125 0.0390625
1 0.52265625 0.1015625 0.0265625 0.028125
1 0.53984375 0.11484375 0.0265625 0.0265625
1 0.559375 0.11328125 0.0296875 0.0265625
1 0.56875 0.090625 0.0203125 0.0234375
1 0.5921875 0.0875 0.015625 0.0171875
1 0.51484375 0.12578125 0.034375 0.040625
1 0.621875 0.08359375 0.0171875 0.015625
1 0.65234375 0.08046875 0.015625 0.0171875
1 0.6875 0.07421875 0.015625 0.015625
1 0.721875 0.07109375 0.015625 0.0171875
0 0.74375 0.07109375 0.021875 0.015625
0 0.75625 0.0734375 0.01875 0.01875
0 0.771875 0.07265625 0.0234375 0.021875
0 0.790625 0.0734375 0.028125 0.0265625
0 0.8109375 0.06875 0.034375 0.0265625
0 0.83125 0.0703125 0.0203125 0.028125
0 0.85859375 0.06796875 0.028125 0.028125
0 0.8828125 0.07421875 0.0328125 0.03125
0 0.91953125 0.07578125 0.0421875 0.040625
0 0.9078125 0.1109375 0.0671875 0.0625
0 0.91875 0.1453125 0.075 0.09375
1 0.89453125 0.05 0.021875 0.0265625