<<<<<<< HEAD
0 0.615625 0.31484375 0.1484375 0.15
0 0.24765625 0.06484375 0.1359375 0.1296875
1 0.2765625 0.0125 0.05625 0.025
1 0.42109375 0.03984375 0.0640625 0.0609375
1 0.5703125 0.1375 0.0609375 0.0578125
1 0.771875 0.25625 0.0671875 0.0625
=======
0 0.615625 0.31484375 0.1484375 0.15
0 0.24765625 0.06484375 0.1359375 0.1296875
1 0.2765625 0.0125 0.05625 0.025
1 0.42109375 0.03984375 0.0640625 0.0609375
1 0.5703125 0.1375 0.0609375 0.0578125
1 0.771875 0.25625 0.0671875 0.0625
>>>>>>> c9556306391b7ee450ce0db69384df37c899f0a7
1 0.975 0.3921875 0.05 0.078125