1 0.9640625 0.33359375 0.0640625 0.1140625
1 0.83984375 0.26171875 0.0734375 0.075
1 0.76328125 0.2375 0.0578125 0.0484375
1 0.7015625 0.21171875 0.0359375 0.0328125
1 0.65859375 0.19609375 0.034375 0.0375
1 0.628125 0.18359375 0.03125 0.0328125
1 0.60390625 0.178125 0.01875 0.01875
1 0.59375 0.1796875 0.0171875 0.01875
1 0.5828125 0.1765625 0.015625 0.021875
1 0.57734375 0.1734375 0.0234375 0.028125
1 0.56328125 0.165625 0.0171875 0.0171875
1 0.55390625 0.16328125 0.0125 0.0140625
1 0.54921875 0.1640625 0.0171875 0.0171875
1 0.5375 0.16015625 0.025 0.021875
0 0.35078125 0.16171875 0.0125 0.0140625
0 0.346875 0.165625 0.009375 0.0171875
0 0.34140625 0.16484375 0.015625 0.0140625
0 0.33359375 0.16640625 0.0109375 0.0125
0 0.325 0.1671875 0.0109375 0.0140625
0 0.3171875 0.17109375 0.0140625 0.0171875
0 0.30703125 0.175 0.0171875 0.025
0 0.2859375 0.1875 0.0203125 0.0234375
0 0.26953125 0.19765625 0.021875 0.0234375
0 0.25078125 0.20625 0.028125 0.0328125
0 0.2171875 0.221875 0.03125 0.025
0 0.165625 0.2359375 0.0421875 0.0390625
0 0.09453125 0.25859375 0.059375 0.0484375
0 0.00234375 0.31015625 0.0046875 0.0515625
1 0.71328125 0.1421875 0.0109375 0.0171875