<<<<<<< HEAD
1 0.8203125 0.109375 0.096875 0.1
1 0.87890625 0.1203125 0.025 0.0375
1 0.71640625 0.13046875 0.0734375 0.0796875
1 0.64375 0.1453125 0.0671875 0.06875
1 0.5953125 0.14609375 0.0640625 0.0671875
1 0.55234375 0.14453125 0.0484375 0.053125
1 0.55390625 0.109375 0.0265625 0.028125
1 0.54609375 0.1515625 0.05625 0.053125
1 0.56796875 0.12265625 0.0359375 0.0359375
1 0.584375 0.10625 0.034375 0.0390625
1 0.51875 0.11875 0.0296875 0.0296875
1 0.503125 0.12421875 0.028125 0.03125
1 0.48125 0.13359375 0.021875 0.028125
1 0.4453125 0.14453125 0.0265625 0.028125
1 0.41328125 0.16015625 0.0296875 0.0296875
1 0.37109375 0.16796875 0.0203125 0.0171875
1 0.334375 0.18515625 0.021875 0.025
1 0.296875 0.19921875 0.0171875 0.0171875
1 0.23125 0.2234375 0.0109375 0.009375
1 0.1515625 0.25234375 0.025 0.0265625
1 0.06953125 0.290625 0.0234375 0.025
1 0.00703125 0.3140625 0.0140625 0.025
1 0.00625 0.3453125 0.0125 0.025
0 0.00546875 0.3546875 0.0109375 0.03125
0 0.0171875 0.31953125 0.034375 0.0421875
0 0.11484375 0.27578125 0.0296875 0.028125
0 0.2171875 0.23359375 0.0265625 0.0296875
0 0.2859375 0.21875 0.03125 0.03125
0 0.27109375 0.2234375 0.0328125 0.0328125
0 0.24921875 0.234375 0.0296875 0.03125
0 0.22890625 0.24609375 0.0359375 0.0359375
0 0.190625 0.265625 0.040625 0.0390625
0 0.15 0.2875 0.046875 0.05
0 0.1265625 0.3015625 0.0453125 0.0453125
0 0.09921875 0.321875 0.0484375 0.0453125
0 0.0640625 0.33828125 0.05 0.05
0 0.05 0.3578125 0.05 0.053125
0 0.03125 0.3734375 0.0578125 0.053125
0 0.02421875 0.39921875 0.0484375 0.0609375
0 0.0203125 0.4234375 0.040625 0.084375
=======
1 0.8203125 0.109375 0.096875 0.1
1 0.87890625 0.1203125 0.025 0.0375
1 0.71640625 0.13046875 0.0734375 0.0796875
1 0.64375 0.1453125 0.0671875 0.06875
1 0.5953125 0.14609375 0.0640625 0.0671875
1 0.55234375 0.14453125 0.0484375 0.053125
1 0.55390625 0.109375 0.0265625 0.028125
1 0.54609375 0.1515625 0.05625 0.053125
1 0.56796875 0.12265625 0.0359375 0.0359375
1 0.584375 0.10625 0.034375 0.0390625
1 0.51875 0.11875 0.0296875 0.0296875
1 0.503125 0.12421875 0.028125 0.03125
1 0.48125 0.13359375 0.021875 0.028125
1 0.4453125 0.14453125 0.0265625 0.028125
1 0.41328125 0.16015625 0.0296875 0.0296875
1 0.37109375 0.16796875 0.0203125 0.0171875
1 0.334375 0.18515625 0.021875 0.025
1 0.296875 0.19921875 0.0171875 0.0171875
1 0.23125 0.2234375 0.0109375 0.009375
1 0.1515625 0.25234375 0.025 0.0265625
1 0.06953125 0.290625 0.0234375 0.025
1 0.00703125 0.3140625 0.0140625 0.025
1 0.00625 0.3453125 0.0125 0.025
0 0.00546875 0.3546875 0.0109375 0.03125
0 0.0171875 0.31953125 0.034375 0.0421875
0 0.11484375 0.27578125 0.0296875 0.028125
0 0.2171875 0.23359375 0.0265625 0.0296875
0 0.2859375 0.21875 0.03125 0.03125
0 0.27109375 0.2234375 0.0328125 0.0328125
0 0.24921875 0.234375 0.0296875 0.03125
0 0.22890625 0.24609375 0.0359375 0.0359375
0 0.190625 0.265625 0.040625 0.0390625
0 0.15 0.2875 0.046875 0.05
0 0.1265625 0.3015625 0.0453125 0.0453125
0 0.09921875 0.321875 0.0484375 0.0453125
0 0.0640625 0.33828125 0.05 0.05
0 0.05 0.3578125 0.05 0.053125
0 0.03125 0.3734375 0.0578125 0.053125
0 0.02421875 0.39921875 0.0484375 0.0609375
0 0.0203125 0.4234375 0.040625 0.084375
>>>>>>> c9556306391b7ee450ce0db69384df37c899f0a7
0 0.0171875 0.47265625 0.034375 0.0921875