0 0.92421875 0.3734375 0.12421875 0.11796875
0 0.62265625 0.3625 0.12109375 0.11484375
0 0.33515625 0.3671875 0.1265625 0.1296875
0 0.10390625 0.4109375 0.1578125 0.15
1 0.0234375 0.2265625 0.04453125 0.06015625
1 0.165625 0.21953125 0.053125 0.05859375
1 0.28359375 0.21484375 0.04453125 0.0640625
1 0.4078125 0.20546875 0.04609375 0.0578125
1 0.4984375 0.20546875 0.04921875 0.0546875
1 0.62734375 0.19921875 0.0515625 0.05
1 0.7453125 0.203125 0.0609375 0.0578125
1 0.840625 0.2078125 0.06171875 0.05546875
1 0.93125 0.20859375 0.05859375 0.053125