<<<<<<< HEAD
1 0.934375 0.16484375 0.05625 0.0734375
1 0.79453125 0.1765625 0.0609375 0.0765625
1 0.6703125 0.1859375 0.0625 0.071875
1 0.5515625 0.19765625 0.0609375 0.0734375
1 0.46171875 0.2109375 0.0484375 0.0625
1 0.33203125 0.22109375 0.0546875 0.0546875
1 0.20859375 0.2421875 0.0625 0.0625
1 0.12265625 0.2546875 0.0640625 0.065625
1 0.0328125 0.2703125 0.0609375 0.05625
0 0.06875 0.42890625 0.1375 0.1359375
0 0.359375 0.384375 0.134375 0.125
0 0.6453125 0.3484375 0.146875 0.15
=======
1 0.934375 0.16484375 0.05625 0.0734375
1 0.79453125 0.1765625 0.0609375 0.0765625
1 0.6703125 0.1859375 0.0625 0.071875
1 0.5515625 0.19765625 0.0609375 0.0734375
1 0.46171875 0.2109375 0.0484375 0.0625
1 0.33203125 0.22109375 0.0546875 0.0546875
1 0.20859375 0.2421875 0.0625 0.0625
1 0.12265625 0.2546875 0.0640625 0.065625
1 0.0328125 0.2703125 0.0609375 0.05625
0 0.06875 0.42890625 0.1375 0.1359375
0 0.359375 0.384375 0.134375 0.125
0 0.6453125 0.3484375 0.146875 0.15
>>>>>>> c9556306391b7ee450ce0db69384df37c899f0a7
0 0.884375 0.35390625 0.171875 0.16875