1 0.9953125 0.30390625 0.009375 0.08359375
1 0.91484375 0.2296875 0.1015625 0.1015625
1 0.80625 0.20390625 0.07265625 0.07421875
1 0.72265625 0.1796875 0.06484375 0.06953125
1 0.63359375 0.1703125 0.06328125 0.05859375
1 0.56484375 0.1609375 0.0484375 0.05859375
1 0.49296875 0.15234375 0.04609375 0.05859375
1 0.44921875 0.1453125 0.04609375 0.0484375
1 0.3765625 0.14296875 0.040625 0.0453125
1 0.32421875 0.1390625 0.03984375 0.040625
1 0.2921875 0.1359375 0.03046875 0.0296875
1 0.246875 0.13359375 0.028125 0.034375
1 0.209375 0.13203125 0.02578125 0.0265625
1 0.178125 0.128125 0.0203125 0.02578125
1 0.13359375 0.1015625 0.0140625 0.01484375
1 0.1484375 0.10546875 0.01328125 0.01953125
1 0.16484375 0.13046875 0.015625 0.0171875
1 0.15859375 0.1234375 0.01484375 0.01796875