1 0.98125 0.375 0.0375 0.0859375
1 0.84921875 0.2890625 0.07578125 0.07265625
1 0.74140625 0.2453125 0.05546875 0.06015625
1 0.68046875 0.22109375 0.03828125 0.046875
1 0.6375 0.20625 0.03046875 0.03515625
1 0.60625 0.19140625 0.02734375 0.03125
1 0.5859375 0.1796875 0.02421875 0.0265625
1 0.559375 0.1765625 0.02265625 0.02578125
0 0.04453125 0.2203125 0.06171875 0.06328125
0 0.1140625 0.20390625 0.0453125 0.0359375
0 0.16328125 0.1828125 0.0359375 0.03125
0 0.20234375 0.16796875 0.028125 0.03125
0 0.23359375 0.1703125 0.02890625 0.0296875
0 0.26015625 0.16328125 0.025 0.02421875