0 0.0140625 0.13515625 0.015625 0.025
0 0.128125 0.1421875 0.028125 0.0234375
0 0.23359375 0.14296875 0.025 0.021875
0 0.39609375 0.1578125 0.025 0.0296875
0 0.4203125 0.16015625 0.01875 0.021875
0 0.37109375 0.15703125 0.0234375 0.028125
0 0.346875 0.1609375 0.028125 0.040625
0 0.30234375 0.1609375 0.0296875 0.03125
0 0.2671875 0.1671875 0.03125 0.034375
0 0.234375 0.17421875 0.0359375 0.040625
0 0.20078125 0.178125 0.0328125 0.03125
0 0.16015625 0.18046875 0.0375 0.040625
0 0.1359375 0.1890625 0.0390625 0.0375
0 0.11484375 0.2015625 0.04375 0.0359375
0 0.09140625 0.21796875 0.0515625 0.040625
0 0.05859375 0.23125 0.0625 0.0640625
0 0.0265625 0.26796875 0.0453125 0.084375
1 0.9984375 0.30390625 0.003125 0.0359375
1 0.946875 0.26796875 0.0703125 0.0734375
1 0.84296875 0.2421875 0.0625 0.0640625
1 0.76875 0.228125 0.0453125 0.053125
1 0.72421875 0.21640625 0.0453125 0.05
1 0.69921875 0.203125 0.0359375 0.0390625
1 0.68515625 0.1921875 0.0421875 0.04375
1 0.7 0.15546875 0.021875 0.03125
1 0.70625 0.184375 0.03125 0.0328125
1 0.73125 0.18203125 0.0359375 0.0328125
1 0.6703125 0.15703125 0.021875 0.0234375
1 0.64765625 0.153125 0.015625 0.025
1 0.62578125 0.15546875 0.015625 0.021875
1 0.58984375 0.15390625 0.01875 0.021875
1 0.54921875 0.14921875 0.01875 0.021875
1 0.515625 0.14921875 0.025 0.0203125
1 0.46953125 0.146875 0.0203125 0.0203125
1 0.275 0.13828125 0.0140625 0.015625
1 0.18671875 0.14140625 0.015625 0.0140625
1 0.10546875 0.1359375 0.015625 0.021875
1 0.35859375 0.14140625 0.0140625 0.0171875
1 0.42734375 0.14609375 0.0234375 0.021875