0 0.053125 0.1625 0.02578125 0.02421875
0 0.015625 0.20546875 0.03125 0.0421875
0 0.04609375 0.2046875 0.0390625 0.03125
0 0.084375 0.1953125 0.02890625 0.03515625
0 0.115625 0.18671875 0.034375 0.03515625
0 0.15390625 0.178125 0.02890625 0.03125
0 0.1890625 0.17734375 0.028125 0.0265625
0 0.221875 0.17109375 0.01875 0.03203125
0 0.23515625 0.1703125 0.0328125 0.03359375
0 0.26015625 0.175 0.021875 0.02734375
1 0.08828125 0.159375 0.02265625 0.0265625
1 0.29765625 0.15625 0.01796875 0.021875
1 0.34140625 0.15234375 0.0171875 0.01640625
1 0.38671875 0.15625 0.01953125 0.02265625
1 0.42578125 0.1515625 0.01953125 0.01953125
1 0.465625 0.153125 0.01875 0.025
1 0.4890625 0.15390625 0.0203125 0.028125
1 0.51328125 0.15703125 0.02265625 0.02890625
1 0.5515625 0.15859375 0.0296875 0.0390625
1 0.5609375 0.1859375 0.0453125 0.0484375
1 0.58125 0.20234375 0.0390625 0.04609375
1 0.61953125 0.209375 0.040625 0.0484375
1 0.68671875 0.21875 0.053125 0.05625
1 0.75859375 0.2296875 0.0625 0.05546875
1 0.87109375 0.25390625 0.0640625 0.06484375
1 0.965625 0.259375 0.06875 0.0796875