<<<<<<< HEAD
1 0.9125 0.1578125 0.02109375 0.01953125
1 0.74375 0.14765625 0.02734375 0.0140625
1 0.70078125 0.1546875 0.02578125 0.0296875
1 0.6578125 0.15078125 0.021875 0.0140625
1 0.61328125 0.15078125 0.025 0.01484375
1 0.5765625 0.15234375 0.01796875 0.0203125
1 0.534375 0.15390625 0.0234375 0.02265625
1 0.509375 0.15234375 0.02265625 0.02109375
1 0.4875 0.15859375 0.01875 0.02578125
1 0.4515625 0.16015625 0.0234375 0.0296875
1 0.42578125 0.16640625 0.0390625 0.0375
1 0.44453125 0.18671875 0.04609375 0.05546875
1 0.4125 0.2 0.0453125 0.05
1 0.3828125 0.21171875 0.04296875 0.046875
1 0.3140625 0.221875 0.05390625 0.0578125
1 0.23984375 0.2296875 0.06796875 0.06015625
1 0.12890625 0.25234375 0.06484375 0.06796875
1 0.0359375 0.26328125 0.071875 0.078125
0 0.94765625 0.1640625 0.028125 0.0265625
0 0.9828125 0.20703125 0.03359375 0.0453125
0 0.946875 0.2015625 0.03203125 0.034375
0 0.91875 0.19609375 0.03203125 0.034375
0 0.88359375 0.18515625 0.03515625 0.0359375
0 0.8453125 0.18203125 0.0359375 0.03515625
0 0.8109375 0.17578125 0.03203125 0.0265625
0 0.778125 0.1703125 0.0203125 0.03046875
0 0.76484375 0.16875 0.028125 0.028125
=======
1 0.9125 0.1578125 0.02109375 0.01953125
1 0.74375 0.14765625 0.02734375 0.0140625
1 0.70078125 0.1546875 0.02578125 0.0296875
1 0.6578125 0.15078125 0.021875 0.0140625
1 0.61328125 0.15078125 0.025 0.01484375
1 0.5765625 0.15234375 0.01796875 0.0203125
1 0.534375 0.15390625 0.0234375 0.02265625
1 0.509375 0.15234375 0.02265625 0.02109375
1 0.4875 0.15859375 0.01875 0.02578125
1 0.4515625 0.16015625 0.0234375 0.0296875
1 0.42578125 0.16640625 0.0390625 0.0375
1 0.44453125 0.18671875 0.04609375 0.05546875
1 0.4125 0.2 0.0453125 0.05
1 0.3828125 0.21171875 0.04296875 0.046875
1 0.3140625 0.221875 0.05390625 0.0578125
1 0.23984375 0.2296875 0.06796875 0.06015625
1 0.12890625 0.25234375 0.06484375 0.06796875
1 0.0359375 0.26328125 0.071875 0.078125
0 0.94765625 0.1640625 0.028125 0.0265625
0 0.9828125 0.20703125 0.03359375 0.0453125
0 0.946875 0.2015625 0.03203125 0.034375
0 0.91875 0.19609375 0.03203125 0.034375
0 0.88359375 0.18515625 0.03515625 0.0359375
0 0.8453125 0.18203125 0.0359375 0.03515625
0 0.8109375 0.17578125 0.03203125 0.0265625
0 0.778125 0.1703125 0.0203125 0.03046875
0 0.76484375 0.16875 0.028125 0.028125
>>>>>>> c9556306391b7ee450ce0db69384df37c899f0a7
0 0.74140625 0.171875 0.02421875 0.02890625