1 0.190625 0.09140625 0.09375 0.109375
1 0.25546875 0.0984375 0.0953125 0.1
1 0.309375 0.10390625 0.0734375 0.0734375
1 0.346875 0.10390625 0.065625 0.06875
1 0.33125 0.0734375 0.071875 0.06875
1 0.3515625 0.05703125 0.0578125 0.053125
1 0.38828125 0.06875 0.0375 0.034375
1 0.425 0.084375 0.04375 0.0421875
1 0.4578125 0.1 0.0375 0.040625
1 0.47890625 0.11171875 0.03125 0.0328125
1 0.51875 0.13203125 0.0296875 0.028125
1 0.56328125 0.15859375 0.0328125 0.0328125
1 0.6078125 0.175 0.0296875 0.03125
1 0.6515625 0.19609375 0.0296875 0.03125
1 0.69609375 0.22578125 0.0265625 0.0265625
1 0.76484375 0.26484375 0.0203125 0.025
1 0.85078125 0.3125 0.0296875 0.03125
1 0.9359375 0.36484375 0.0390625 0.0375
0 0.9859375 0.50625 0.028125 0.09375
0 0.96015625 0.4609375 0.0765625 0.0734375
0 0.91484375 0.41640625 0.06875 0.065625
0 0.86640625 0.378125 0.059375 0.059375
0 0.8953125 0.35390625 0.0421875 0.0421875
0 0.99140625 0.4171875 0.0171875 0.04375
0 0.81640625 0.3375 0.059375 0.059375
0 0.7734375 0.31171875 0.053125 0.053125
0 0.74609375 0.28046875 0.0375 0.0359375
0 0.71953125 0.2640625 0.0375 0.0390625
0 0.696875 0.2515625 0.034375 0.0359375