0 0.9609375 0.3765625 0.071875 0.0640625
0 0.91640625 0.340625 0.0578125 0.0515625
0 0.884375 0.3078125 0.0484375 0.0546875
0 0.86796875 0.29375 0.0421875 0.0453125
0 0.8515625 0.278125 0.0375 0.0390625
0 0.8375 0.26640625 0.034375 0.0328125
0 0.82578125 0.25546875 0.0265625 0.0265625
0 0.8171875 0.24609375 0.021875 0.0234375
0 0.80625 0.240625 0.0171875 0.0203125
0 0.79609375 0.23046875 0.0203125 0.021875
1 0.396875 0.053125 0.0328125 0.034375
1 0.1703125 0.13515625 0.109375 0.109375
1 0.31953125 0.13125 0.084375 0.0859375
1 0.40703125 0.13125 0.0640625 0.065625
1 0.4578125 0.13984375 0.0578125 0.05625
1 0.50078125 0.146875 0.0453125 0.0453125
1 0.5265625 0.14609375 0.0453125 0.04375
1 0.5453125 0.1484375 0.040625 0.040625
1 0.55703125 0.146875 0.0359375 0.034375
1 0.575 0.15 0.028125 0.028125
1 0.59765625 0.15 0.0234375 0.021875
1 0.6078125 0.15234375 0.025 0.025