0 0.88515625 0.20703125 0.0453125 0.04453125
0 0.9859375 0.3375 0.028125 0.08515625
0 0.86953125 0.2890625 0.090625 0.10234375
0 0.74453125 0.26875 0.06640625 0.0671875
0 0.65 0.24921875 0.06171875 0.0640625
0 0.66953125 0.2078125 0.04453125 0.046875
0 0.58984375 0.23671875 0.05859375 0.06484375
0 0.54296875 0.22890625 0.04375 0.04765625
0 0.57890625 0.21796875 0.04375 0.05859375
1 0.99609375 0.18671875 0.0078125 0.028125
1 0.75703125 0.18046875 0.0328125 0.0328125
1 0.6140625 0.18515625 0.02578125 0.01953125
1 0.50625 0.1828125 0.02890625 0.02890625
1 0.4421875 0.178125 0.02890625 0.034375
1 0.3734375 0.1828125 0.03203125 0.0375
1 0.3015625 0.18515625 0.0375 0.03046875
1 0.2328125 0.1875 0.034375 0.03359375
1 0.1625 0.19453125 0.03671875 0.02734375
1 0.11953125 0.196875 0.034375 0.040625
1 0.0671875 0.196875 0.03359375 0.0359375
1 0.009375 0.2046875 0.01796875 0.03671875