<<<<<<< HEAD
1 0.82890625 0.034375 0.0296875 0.040625
1 0.77421875 0.0453125 0.0546875 0.059375
1 0.7265625 0.06484375 0.0484375 0.0515625
1 0.684375 0.0828125 0.05 0.0484375
1 0.6171875 0.10625 0.04375 0.04375
1 0.553125 0.1296875 0.040625 0.0375
1 0.4859375 0.15625 0.0453125 0.0421875
1 0.42578125 0.1859375 0.040625 0.040625
1 0.365625 0.2125 0.04375 0.0421875
1 0.26953125 0.25625 0.0375 0.03125
1 0.13984375 0.31171875 0.0359375 0.0328125
1 0.00390625 0.41171875 0.0078125 0.0234375
0 0.03203125 0.39296875 0.0609375 0.05625
0 0.22578125 0.30546875 0.0578125 0.05625
0 0.31953125 0.27421875 0.0609375 0.0640625
0 0.35078125 0.26875 0.05625 0.0625
0 0.3109375 0.3 0.071875 0.075
0 0.2578125 0.3265625 0.071875 0.071875
0 0.18515625 0.3890625 0.0953125 0.0921875
0 0.08046875 0.46171875 0.1203125 0.1171875
=======
1 0.82890625 0.034375 0.0296875 0.040625
1 0.77421875 0.0453125 0.0546875 0.059375
1 0.7265625 0.06484375 0.0484375 0.0515625
1 0.684375 0.0828125 0.05 0.0484375
1 0.6171875 0.10625 0.04375 0.04375
1 0.553125 0.1296875 0.040625 0.0375
1 0.4859375 0.15625 0.0453125 0.0421875
1 0.42578125 0.1859375 0.040625 0.040625
1 0.365625 0.2125 0.04375 0.0421875
1 0.26953125 0.25625 0.0375 0.03125
1 0.13984375 0.31171875 0.0359375 0.0328125
1 0.00390625 0.41171875 0.0078125 0.0234375
0 0.03203125 0.39296875 0.0609375 0.05625
0 0.22578125 0.30546875 0.0578125 0.05625
0 0.31953125 0.27421875 0.0609375 0.0640625
0 0.35078125 0.26875 0.05625 0.0625
0 0.3109375 0.3 0.071875 0.075
0 0.2578125 0.3265625 0.071875 0.071875
0 0.18515625 0.3890625 0.0953125 0.0921875
0 0.08046875 0.46171875 0.1203125 0.1171875
>>>>>>> c9556306391b7ee450ce0db69384df37c899f0a7
0 0.0140625 0.540625 0.028125 0.078125