<<<<<<< HEAD
0 0.890625 0.68203125 0.21875 0.4234375
0 0.47265625 0.46171875 0.1984375 0.27890625
0 0.35390625 0.3203125 0.13671875 0.1890625
0 0.2 0.26640625 0.1125 0.14921875
0 0.0890625 0.21171875 0.09453125 0.09921875
0 0.0296875 0.178125 0.0578125 0.08984375
0 0.02421875 0.1203125 0.0484375 0.04140625
0 0.08046875 0.1125 0.0515625 0.04453125
0 0.16015625 0.1171875 0.034375 0.0515625
0 0.2046875 0.10625 0.0390625 0.034375
0 0.2796875 0.103125 0.03671875 0.046875
0 0.31640625 0.096875 0.03125 0.0375
0 0.409375 0.103125 0.03671875 0.0421875
0 0.5296875 0.09765625 0.028125 0.03984375
0 0.71875 0.10546875 0.02578125 0.02734375
0 0.87109375 0.1078125 0.034375 0.0375
1 0.875 0.090625 0.02421875 0.025
1 0.79765625 0.09296875 0.021875 0.03203125
1 0.71796875 0.09140625 0.02421875 0.0328125
1 0.615625 0.0875 0.025 0.02421875
1 0.5359375 0.08046875 0.02578125 0.01640625
1 0.43359375 0.0828125 0.01953125 0.0328125
1 0.365625 0.084375 0.01875 0.02734375
1 0.321875 0.07578125 0.0171875 0.0140625
1 0.2671875 0.08359375 0.0234375 0.03515625
1 0.15703125 0.08359375 0.02265625 0.01953125
1 0.0484375 0.0890625 0.0234375 0.0328125
=======
0 0.890625 0.68203125 0.21875 0.4234375
0 0.47265625 0.46171875 0.1984375 0.27890625
0 0.35390625 0.3203125 0.13671875 0.1890625
0 0.2 0.26640625 0.1125 0.14921875
0 0.0890625 0.21171875 0.09453125 0.09921875
0 0.0296875 0.178125 0.0578125 0.08984375
0 0.02421875 0.1203125 0.0484375 0.04140625
0 0.08046875 0.1125 0.0515625 0.04453125
0 0.16015625 0.1171875 0.034375 0.0515625
0 0.2046875 0.10625 0.0390625 0.034375
0 0.2796875 0.103125 0.03671875 0.046875
0 0.31640625 0.096875 0.03125 0.0375
0 0.409375 0.103125 0.03671875 0.0421875
0 0.5296875 0.09765625 0.028125 0.03984375
0 0.71875 0.10546875 0.02578125 0.02734375
0 0.87109375 0.1078125 0.034375 0.0375
1 0.875 0.090625 0.02421875 0.025
1 0.79765625 0.09296875 0.021875 0.03203125
1 0.71796875 0.09140625 0.02421875 0.0328125
1 0.615625 0.0875 0.025 0.02421875
1 0.5359375 0.08046875 0.02578125 0.01640625
1 0.43359375 0.0828125 0.01953125 0.0328125
1 0.365625 0.084375 0.01875 0.02734375
1 0.321875 0.07578125 0.0171875 0.0140625
1 0.2671875 0.08359375 0.0234375 0.03515625
1 0.15703125 0.08359375 0.02265625 0.01953125
1 0.0484375 0.0890625 0.0234375 0.0328125
>>>>>>> c9556306391b7ee450ce0db69384df37c899f0a7
1 0.00546875 0.08671875 0.0109375 0.025