<<<<<<< HEAD
1 0.02734375 0.30078125 0.05390625 0.0953125
1 0.0875 0.27421875 0.065625 0.07734375
1 0.13671875 0.25234375 0.053125 0.05390625
1 0.16953125 0.23359375 0.04453125 0.05390625
1 0.140625 0.21484375 0.05625 0.04765625
1 0.15 0.190625 0.04765625 0.03359375
1 0.1875 0.18203125 0.0296875 0.0234375
1 0.22734375 0.17734375 0.0328125 0.03046875
1 0.26328125 0.175 0.025 0.03203125
1 0.2875 0.17421875 0.02109375 0.0265625
1 0.33203125 0.171875 0.02265625 0.01953125
1 0.384375 0.17265625 0.02421875 0.0234375
1 0.43125 0.16484375 0.01953125 0.02421875
1 0.47890625 0.1609375 0.01953125 0.02421875
1 0.5328125 0.16484375 0.02109375 0.01796875
1 0.61171875 0.1640625 0.01171875 0.021875
1 0.71015625 0.16171875 0.0203125 0.025
1 0.81015625 0.16484375 0.0296875 0.0265625
1 0.9078125 0.15859375 0.02578125 0.02421875
1 0.9890625 0.16484375 0.021875 0.03125
0 0.9875 0.278125 0.025 0.05625
0 0.9515625 0.246875 0.0671875 0.06953125
0 0.87890625 0.2359375 0.05859375 0.05078125
0 0.8171875 0.2203125 0.05390625 0.0453125
0 0.75625 0.2109375 0.04453125 0.04296875
0 0.76953125 0.17578125 0.03125 0.03046875
0 0.896875 0.17578125 0.03359375 0.03125
0 0.69296875 0.20078125 0.04453125 0.04296875
0 0.64296875 0.2 0.03984375 0.0375
0 0.603125 0.18671875 0.028125 0.02578125
0 0.571875 0.1859375 0.02578125 0.03046875
=======
1 0.02734375 0.30078125 0.05390625 0.0953125
1 0.0875 0.27421875 0.065625 0.07734375
1 0.13671875 0.25234375 0.053125 0.05390625
1 0.16953125 0.23359375 0.04453125 0.05390625
1 0.140625 0.21484375 0.05625 0.04765625
1 0.15 0.190625 0.04765625 0.03359375
1 0.1875 0.18203125 0.0296875 0.0234375
1 0.22734375 0.17734375 0.0328125 0.03046875
1 0.26328125 0.175 0.025 0.03203125
1 0.2875 0.17421875 0.02109375 0.0265625
1 0.33203125 0.171875 0.02265625 0.01953125
1 0.384375 0.17265625 0.02421875 0.0234375
1 0.43125 0.16484375 0.01953125 0.02421875
1 0.47890625 0.1609375 0.01953125 0.02421875
1 0.5328125 0.16484375 0.02109375 0.01796875
1 0.61171875 0.1640625 0.01171875 0.021875
1 0.71015625 0.16171875 0.0203125 0.025
1 0.81015625 0.16484375 0.0296875 0.0265625
1 0.9078125 0.15859375 0.02578125 0.02421875
1 0.9890625 0.16484375 0.021875 0.03125
0 0.9875 0.278125 0.025 0.05625
0 0.9515625 0.246875 0.0671875 0.06953125
0 0.87890625 0.2359375 0.05859375 0.05078125
0 0.8171875 0.2203125 0.05390625 0.0453125
0 0.75625 0.2109375 0.04453125 0.04296875
0 0.76953125 0.17578125 0.03125 0.03046875
0 0.896875 0.17578125 0.03359375 0.03125
0 0.69296875 0.20078125 0.04453125 0.04296875
0 0.64296875 0.2 0.03984375 0.0375
0 0.603125 0.18671875 0.028125 0.02578125
0 0.571875 0.1859375 0.02578125 0.03046875
>>>>>>> c9556306391b7ee450ce0db69384df37c899f0a7
0 0.54609375 0.18671875 0.02421875 0.028125