0 0.90703125 0.18671875 0.0828125 0.11875
0 0.875 0.16640625 0.0984375 0.1046875
0 0.86796875 0.0375 0.0265625 0.0296875
0 0.76015625 0.0734375 0.028125 0.021875
0 0.8234375 0.1546875 0.0796875 0.084375
0 0.78515625 0.1390625 0.0578125 0.0640625
0 0.7609375 0.1234375 0.053125 0.0609375
0 0.7390625 0.11328125 0.040625 0.0515625
0 0.6609375 0.090625 0.0265625 0.025
0 0.7203125 0.11171875 0.0359375 0.0375
0 0.68828125 0.11875 0.0390625 0.0390625
0 0.65703125 0.121875 0.0390625 0.0296875
0 0.6265625 0.12265625 0.0390625 0.03125
0 0.59453125 0.12734375 0.0328125 0.0296875
0 0.55703125 0.13125 0.028125 0.03125
0 0.534375 0.13984375 0.0234375 0.028125
0 0.5109375 0.13828125 0.0203125 0.0203125
0 0.49453125 0.14375 0.0203125 0.021875
1 0.62421875 0.09609375 0.028125 0.0234375
1 0.70390625 0.08203125 0.0203125 0.021875
1 0.7796875 0.0578125 0.021875 0.021875
1 0.84765625 0.0421875 0.01875 0.0203125
1 0.47890625 0.1359375 0.0171875 0.01875
1 0.44296875 0.14765625 0.025 0.0203125
1 0.40390625 0.159375 0.021875 0.0203125
1 0.36796875 0.1671875 0.0265625 0.021875
1 0.33046875 0.17734375 0.021875 0.0171875
1 0.29765625 0.1875 0.0234375 0.0203125
1 0.27890625 0.19296875 0.0203125 0.01875
1 0.26015625 0.19921875 0.0203125 0.021875
1 0.23515625 0.20703125 0.021875 0.0203125
1 0.2109375 0.2203125 0.0265625 0.0265625
1 0.2234375 0.2265625 0.028125 0.03125
1 0.259375 0.23359375 0.0328125 0.0390625
1 0.26796875 0.22421875 0.034375 0.0390625
1 0.246875 0.24140625 0.0453125 0.0453125
1 0.23359375 0.25703125 0.0515625 0.0515625
1 0.1953125 0.2734375 0.0578125 0.0625
1 0.1421875 0.3 0.065625 0.0734375
1 0.0609375 0.3390625 0.0765625 0.0796875
1 0.0203125 0.36484375 0.040625 0.0765625