1 0.1375 0.17734375 0.03125 0.025
1 0.08203125 0.3 0.0890625 0.0734375
1 0.1953125 0.25390625 0.0609375 0.053125
1 0.265625 0.228125 0.0484375 0.0421875
1 0.29140625 0.20625 0.0296875 0.0328125
1 0.32265625 0.18984375 0.0296875 0.03125
1 0.346875 0.18203125 0.0234375 0.028125
1 0.36484375 0.171875 0.0234375 0.0203125
1 0.3796875 0.16953125 0.015625 0.015625
1 0.39375 0.159375 0.0125 0.01875
1 0.40859375 0.1609375 0.0171875 0.01875
0 0.63203125 0.1359375 0.0171875 0.0203125
0 0.6484375 0.1375 0.021875 0.01875
0 0.66640625 0.140625 0.01875 0.01875
0 0.68828125 0.14453125 0.0234375 0.0171875
0 0.70546875 0.14921875 0.028125 0.0203125
0 0.73046875 0.1546875 0.0265625 0.03125
0 0.7734375 0.15625 0.0390625 0.034375
0 0.82421875 0.175 0.0515625 0.0515625
0 0.9078125 0.19609375 0.065625 0.0578125