<<<<<<< HEAD
1 0.86484375 0.165625 0.10625 0.1109375
1 0.6359375 0.065625 0.0265625 0.03125
1 0.71171875 0.1453125 0.0875 0.0859375
1 0.625 0.1390625 0.0703125 0.075
1 0.57421875 0.14453125 0.0484375 0.0515625
1 0.5328125 0.1484375 0.04375 0.04375
1 0.50546875 0.14453125 0.040625 0.040625
1 0.4859375 0.14453125 0.034375 0.034375
1 0.4703125 0.14609375 0.0328125 0.0328125
1 0.46015625 0.14453125 0.03125 0.0296875
1 0.44140625 0.1421875 0.025 0.0265625
1 0.42109375 0.14375 0.0203125 0.021875
0 0.2296875 0.20625 0.028125 0.021875
0 0.21875 0.215625 0.021875 0.025
0 0.20625 0.21875 0.0265625 0.03125
0 0.19765625 0.225 0.025 0.025
0 0.18515625 0.23515625 0.028125 0.0265625
0 0.16875 0.24453125 0.034375 0.0328125
0 0.15078125 0.26015625 0.0359375 0.040625
0 0.13359375 0.27421875 0.0359375 0.0359375
0 0.09765625 0.30703125 0.046875 0.04375
0 0.05078125 0.33671875 0.0609375 0.0578125
=======
1 0.86484375 0.165625 0.10625 0.1109375
1 0.6359375 0.065625 0.0265625 0.03125
1 0.71171875 0.1453125 0.0875 0.0859375
1 0.625 0.1390625 0.0703125 0.075
1 0.57421875 0.14453125 0.0484375 0.0515625
1 0.5328125 0.1484375 0.04375 0.04375
1 0.50546875 0.14453125 0.040625 0.040625
1 0.4859375 0.14453125 0.034375 0.034375
1 0.4703125 0.14609375 0.0328125 0.0328125
1 0.46015625 0.14453125 0.03125 0.0296875
1 0.44140625 0.1421875 0.025 0.0265625
1 0.42109375 0.14375 0.0203125 0.021875
0 0.2296875 0.20625 0.028125 0.021875
0 0.21875 0.215625 0.021875 0.025
0 0.20625 0.21875 0.0265625 0.03125
0 0.19765625 0.225 0.025 0.025
0 0.18515625 0.23515625 0.028125 0.0265625
0 0.16875 0.24453125 0.034375 0.0328125
0 0.15078125 0.26015625 0.0359375 0.040625
0 0.13359375 0.27421875 0.0359375 0.0359375
0 0.09765625 0.30703125 0.046875 0.04375
0 0.05078125 0.33671875 0.0609375 0.0578125
>>>>>>> c9556306391b7ee450ce0db69384df37c899f0a7
0 0.0203125 0.3984375 0.040625 0.075