1 0.8515625 0.01796875 0.021875 0.021875
1 0.78828125 0.028125 0.0171875 0.0171875
1 0.7390625 0.03828125 0.0171875 0.0171875
1 0.68828125 0.04609375 0.0109375 0.0140625
1 0.596875 0.06796875 0.0125 0.015625
1 0.55625 0.075 0.015625 0.0203125
1 0.515625 0.084375 0.0140625 0.0140625
1 0.4796875 0.09140625 0.0109375 0.0109375
0 0.4109375 0.11015625 0.009375 0.0140625
0 0.44765625 0.10078125 0.0109375 0.015625
0 0.49453125 0.09140625 0.015625 0.01875
0 0.540625 0.084375 0.015625 0.01875
0 0.5875 0.07109375 0.015625 0.0203125
0 0.6421875 0.06171875 0.015625 0.0203125
0 0.7015625 0.046875 0.015625 0.0203125
0 0.765625 0.040625 0.0234375 0.021875
0 0.83671875 0.0265625 0.0234375 0.028125
0 0.8484375 0.2453125 0.15625 0.1484375
0 0.64453125 0.32421875 0.15625 0.140625