1 0.91171875 0.2765625 0.1171875 0.1078125
1 0.69453125 0.24921875 0.078125 0.0671875
1 0.5828125 0.22421875 0.059375 0.0609375
1 0.5171875 0.22109375 0.05625 0.0453125
1 0.45703125 0.2125 0.0375 0.0359375
1 0.4140625 0.20625 0.0359375 0.0390625
1 0.378125 0.2046875 0.0265625 0.028125
1 0.3515625 0.20703125 0.0234375 0.0265625
1 0.32734375 0.20625 0.025 0.025
1 0.31328125 0.2015625 0.01875 0.021875
1 0.296875 0.2015625 0.01875 0.021875
1 0.28515625 0.20078125 0.015625 0.0171875
1 0.27265625 0.19921875 0.0140625 0.0140625
1 0.26328125 0.2 0.0125 0.0125
1 0.25234375 0.19609375 0.009375 0.0109375
0 0.0046875 0.334375 0.009375 0.046875
0 0.0125 0.30625 0.025 0.05
0 0.01171875 0.2890625 0.0234375 0.034375
0 0.0203125 0.271875 0.0359375 0.034375
0 0.0375 0.259375 0.0296875 0.028125
0 0.0453125 0.2515625 0.025 0.0265625
0 0.053125 0.24140625 0.0234375 0.0234375
0 0.05625 0.23515625 0.01875 0.021875
0 0.065625 0.2296875 0.0140625 0.01875
0 0.07265625 0.228125 0.0140625 0.015625