<<<<<<< HEAD
0 0.1953125 0.15703125 0.1546875 0.18828125
0 0.41328125 0.13046875 0.1234375 0.165625
0 0.5421875 0.0984375 0.096875 0.12421875
0 0.73984375 0.08828125 0.0796875 0.11953125
0 0.83671875 0.08125 0.0796875 0.09765625
0 0.96171875 0.0703125 0.06796875 0.0984375
0 0.89296875 0.034375 0.05390625 0.059375
0 0.77734375 0.02421875 0.04375 0.0484375
0 0.79296875 0.02421875 0.03828125 0.0484375
=======
0 0.1953125 0.15703125 0.1546875 0.18828125
0 0.41328125 0.13046875 0.1234375 0.165625
0 0.5421875 0.0984375 0.096875 0.12421875
0 0.73984375 0.08828125 0.0796875 0.11953125
0 0.83671875 0.08125 0.0796875 0.09765625
0 0.96171875 0.0703125 0.06796875 0.0984375
0 0.89296875 0.034375 0.05390625 0.059375
0 0.77734375 0.02421875 0.04375 0.0484375
0 0.79296875 0.02421875 0.03828125 0.0484375
>>>>>>> c9556306391b7ee450ce0db69384df37c899f0a7
0 0.84453125 0.02734375 0.05859375 0.05390625