1 0.0234375 0.2171875 0.046875 0.0421875
1 0.09375 0.2078125 0.04609375 0.0484375
1 0.15625 0.2078125 0.03984375 0.04296875
1 0.24453125 0.2015625 0.04375 0.0421875
1 0.33359375 0.2015625 0.03984375 0.04140625
1 0.41953125 0.1984375 0.0375 0.034375
1 0.5015625 0.1984375 0.0390625 0.0359375
1 0.590625 0.19765625 0.0390625 0.03515625
1 0.71171875 0.19921875 0.0375 0.025
1 0.88046875 0.2046875 0.04296875 0.03359375
0 0.81015625 0.246875 0.0640625 0.06484375
0 0.69140625 0.25078125 0.0625 0.06484375
0 0.65390625 0.278125 0.0765625 0.06796875
0 0.72265625 0.30546875 0.0859375 0.08359375
0 0.828125 0.334375 0.11640625 0.10859375
0 0.97578125 0.4 0.0484375 0.13359375