0 0.89296875 0.14765625 0.0546875 0.0796875
0 0.8453125 0.13125 0.0828125 0.0671875
0 0.78046875 0.13203125 0.0671875 0.0703125
0 0.72265625 0.1453125 0.059375 0.0515625
0 0.665625 0.15390625 0.0546875 0.0515625
0 0.60859375 0.15703125 0.05 0.046875
0 0.61640625 0.12109375 0.0375 0.0390625
0 0.7375 0.0875 0.0359375 0.0359375
0 0.8515625 0.0421875 0.0328125 0.03125
0 0.5609375 0.1671875 0.046875 0.05
0 0.51328125 0.1765625 0.0453125 0.0421875
0 0.4703125 0.1859375 0.0359375 0.0359375
0 0.4453125 0.1890625 0.0375 0.0359375
0 0.42265625 0.19453125 0.034375 0.0296875
0 0.49296875 0.16171875 0.0296875 0.03125
1 0.03125 0.4203125 0.0625 0.096875
1 0.053125 0.38671875 0.08125 0.0828125
1 0.08046875 0.3625 0.065625 0.0640625
1 0.10703125 0.33671875 0.053125 0.059375
1 0.0875 0.340625 0.0578125 0.0578125
1 0.06953125 0.33203125 0.0515625 0.0453125
1 0.05625 0.3265625 0.0390625 0.046875
1 0.08984375 0.29453125 0.0359375 0.0359375
1 0.1296875 0.2796875 0.034375 0.034375
1 0.1546875 0.2703125 0.0296875 0.03125
1 0.1796875 0.26015625 0.025 0.025
1 0.21953125 0.24375 0.0296875 0.0328125
1 0.26640625 0.23125 0.028125 0.0296875
1 0.30859375 0.21328125 0.025 0.025
1 0.3578125 0.19765625 0.0296875 0.0296875
1 0.4046875 0.18046875 0.0234375 0.0234375
1 0.47109375 0.1609375 0.021875 0.0203125
1 0.56171875 0.13046875 0.028125 0.03125
1 0.6546875 0.0984375 0.0296875 0.028125
1 0.7375 0.06875 0.028125 0.025
1 0.81953125 0.0484375 0.028125 0.0265625