1 0.915625 0.06796875 0.021875 0.028125
1 0.66015625 0.11875 0.0171875 0.0234375
1 0.6796875 0.1171875 0.0328125 0.0296875
1 0.6984375 0.12265625 0.025 0.025
1 0.71875 0.13046875 0.03125 0.0375
1 0.75078125 0.1296875 0.040625 0.034375
1 0.78984375 0.134375 0.046875 0.0453125
1 0.8375 0.14765625 0.05 0.04375
1 0.92421875 0.1640625 0.0578125 0.0671875
0 0.4171875 0.1578125 0.0234375 0.021875
0 0.39921875 0.1609375 0.0234375 0.0203125
0 0.3890625 0.16875 0.0234375 0.0265625
0 0.3765625 0.17421875 0.0265625 0.028125
0 0.3578125 0.18671875 0.03125 0.028125
0 0.33671875 0.19765625 0.0328125 0.0390625
0 0.3109375 0.21484375 0.04375 0.0453125
0 0.271875 0.23359375 0.059375 0.059375
0 0.203125 0.27890625 0.0625 0.05625
0 0.0984375 0.33671875 0.096875 0.090625