<<<<<<< HEAD
0 0.81875 0.0796875 0.065625 0.0796875
0 0.76875 0.07265625 0.084375 0.075
0 0.70546875 0.08515625 0.0734375 0.075
0 0.65078125 0.109375 0.0625 0.0578125
0 0.596875 0.128125 0.0578125 0.05625
0 0.54140625 0.1421875 0.053125 0.0515625
0 0.54140625 0.10625 0.040625 0.0421875
0 0.6546875 0.05 0.0390625 0.0390625
0 0.75703125 0.00859375 0.0359375 0.0171875
0 0.49609375 0.16171875 0.0515625 0.053125
0 0.4515625 0.18046875 0.0484375 0.046875
0 0.4109375 0.19765625 0.0375 0.0375
0 0.38671875 0.20546875 0.040625 0.0390625
0 0.36640625 0.21484375 0.0359375 0.0328125
0 0.428125 0.16875 0.0328125 0.034375
1 0.03046875 0.51484375 0.0609375 0.1046875
1 0.04140625 0.47265625 0.0828125 0.0890625
1 0.0625 0.4453125 0.0703125 0.06875
1 0.0828125 0.41484375 0.0578125 0.0625
1 0.06484375 0.42265625 0.0625 0.0625
1 0.0453125 0.4171875 0.053125 0.05
1 0.03125 0.4140625 0.04375 0.0484375
1 0.05859375 0.3765625 0.0390625 0.0390625
1 0.09375 0.3546875 0.0375 0.0375
1 0.1171875 0.340625 0.03125 0.034375
1 0.13984375 0.32578125 0.0265625 0.0265625
1 0.17578125 0.3015625 0.0328125 0.034375
1 0.21953125 0.28046875 0.03125 0.03125
1 0.25703125 0.2546875 0.0265625 0.0265625
1 0.30234375 0.23046875 0.0328125 0.03125
1 0.3453125 0.2046875 0.025 0.025
1 0.40703125 0.17265625 0.0234375 0.0234375
1 0.48984375 0.125 0.03125 0.0328125
1 0.575 0.07578125 0.03125 0.03125
1 0.65078125 0.03125 0.0296875 0.028125
=======
0 0.81875 0.0796875 0.065625 0.0796875
0 0.76875 0.07265625 0.084375 0.075
0 0.70546875 0.08515625 0.0734375 0.075
0 0.65078125 0.109375 0.0625 0.0578125
0 0.596875 0.128125 0.0578125 0.05625
0 0.54140625 0.1421875 0.053125 0.0515625
0 0.54140625 0.10625 0.040625 0.0421875
0 0.6546875 0.05 0.0390625 0.0390625
0 0.75703125 0.00859375 0.0359375 0.0171875
0 0.49609375 0.16171875 0.0515625 0.053125
0 0.4515625 0.18046875 0.0484375 0.046875
0 0.4109375 0.19765625 0.0375 0.0375
0 0.38671875 0.20546875 0.040625 0.0390625
0 0.36640625 0.21484375 0.0359375 0.0328125
0 0.428125 0.16875 0.0328125 0.034375
1 0.03046875 0.51484375 0.0609375 0.1046875
1 0.04140625 0.47265625 0.0828125 0.0890625
1 0.0625 0.4453125 0.0703125 0.06875
1 0.0828125 0.41484375 0.0578125 0.0625
1 0.06484375 0.42265625 0.0625 0.0625
1 0.0453125 0.4171875 0.053125 0.05
1 0.03125 0.4140625 0.04375 0.0484375
1 0.05859375 0.3765625 0.0390625 0.0390625
1 0.09375 0.3546875 0.0375 0.0375
1 0.1171875 0.340625 0.03125 0.034375
1 0.13984375 0.32578125 0.0265625 0.0265625
1 0.17578125 0.3015625 0.0328125 0.034375
1 0.21953125 0.28046875 0.03125 0.03125
1 0.25703125 0.2546875 0.0265625 0.0265625
1 0.30234375 0.23046875 0.0328125 0.03125
1 0.3453125 0.2046875 0.025 0.025
1 0.40703125 0.17265625 0.0234375 0.0234375
1 0.48984375 0.125 0.03125 0.0328125
1 0.575 0.07578125 0.03125 0.03125
1 0.65078125 0.03125 0.0296875 0.028125
>>>>>>> c9556306391b7ee450ce0db69384df37c899f0a7
1 0.72734375 0.00703125 0.0296875 0.0140625