0 0.67890625 0.3703125 0.1328125 0.1046875
0 0.90234375 0.34765625 0.13125 0.1296875
0 0.94765625 0.12890625 0.01875 0.02109375
0 0.87578125 0.121875 0.01796875 0.0125
0 0.81171875 0.11640625 0.01328125 0.01796875
0 0.75078125 0.1140625 0.01171875 0.0125
0 0.69609375 0.11015625 0.0109375 0.0125
0 0.6453125 0.10859375 0.00859375 0.01015625
0 0.6 0.10390625 0.0109375 0.0109375
0 0.55234375 0.1 0.01328125 0.01328125
0 0.5140625 0.10078125 0.0078125 0.0125
0 0.48125 0.09765625 0.01328125 0.0109375
1 0.584375 0.1 0.01015625 0.0125
1 0.62109375 0.1015625 0.009375 0.01328125
1 0.66328125 0.1046875 0.01328125 0.01328125
1 0.70703125 0.10625 0.0109375 0.01328125
1 0.8 0.1109375 0.01328125 0.01171875
1 0.85078125 0.1140625 0.01171875 0.0109375
1 0.9015625 0.11953125 0.01484375 0.01328125
1 0.96328125 0.121875 0.0125 0.01484375