1 0.5015625 0.10703125 0.0140625 0.015625
1 0.5265625 0.121875 0.0125 0.0140625
1 0.62734375 0.18671875 0.0140625 0.015625
1 0.80078125 0.296875 0.0203125 0.0234375
1 0.85625 0.334375 0.015625 0.0171875
1 0.92734375 0.3796875 0.0203125 0.0234375
1 0.9734375 0.4078125 0.0234375 0.0234375
0 0.43125 0.06328125 0.0171875 0.0171875
0 0.4609375 0.08671875 0.01875 0.01875
0 0.49453125 0.10546875 0.015625 0.0171875
0 0.51640625 0.11796875 0.0140625 0.015625
0 0.540625 0.1359375 0.0171875 0.0171875
0 0.55859375 0.14453125 0.0125 0.0140625
0 0.58671875 0.165625 0.0171875 0.015625
0 0.61875 0.18515625 0.015625 0.0171875
0 0.6515625 0.20390625 0.0203125 0.021875
0 0.690625 0.22890625 0.021875 0.021875
0 0.75078125 0.271875 0.021875 0.021875
0 0.81171875 0.3078125 0.0171875 0.01875
0 0.8875 0.359375 0.0265625 0.028125
0 0.95390625 0.40078125 0.021875 0.025
0 0.984375 0.453125 0.03125 0.04375
0 0.9828125 0.48046875 0.034375 0.0515625
0 0.8796875 0.421875 0.0609375 0.065625
0 0.99140625 0.49453125 0.0171875 0.0640625
0 0.79609375 0.375 0.0640625 0.0671875
0 0.70078125 0.32109375 0.065625 0.0734375
0 0.659375 0.2953125 0.0625 0.0671875
0 0.6296875 0.2953125 0.0625 0.0703125
0 0.57734375 0.2796875 0.078125 0.0875
0 0.50234375 0.25625 0.0953125 0.1
0 0.41796875 0.23828125 0.11875 0.1265625