0 0.3640625 0.1578125 0.0109375 0.009375
0 0.35546875 0.159375 0.0125 0.0109375
0 0.346875 0.16015625 0.0109375 0.01171875
0 0.3375 0.16015625 0.0109375 0.0125
0 0.33359375 0.16640625 0.0125 0.0140625
0 0.3203125 0.17109375 0.0140625 0.015625
0 0.31171875 0.175 0.0140625 0.0171875
0 0.29921875 0.18125 0.0171875 0.01796875
0 0.28125 0.190625 0.021875 0.0234375
0 0.2609375 0.196875 0.02421875 0.0265625
0 0.22578125 0.21171875 0.0296875 0.028125
0 0.17578125 0.22578125 0.0453125 0.0421875
0 0.10234375 0.24140625 0.053125 0.046875
0 0.00546875 0.29375 0.00859375 0.04609375
1 0.52890625 0.1578125 0.00859375 0.01171875
1 0.540625 0.16171875 0.015625 0.01875
1 0.55234375 0.165625 0.01328125 0.01875
1 0.56328125 0.1671875 0.01484375 0.01953125
1 0.57109375 0.16875 0.01328125 0.02109375
1 0.58125 0.16953125 0.0203125 0.015625
1 0.6 0.18046875 0.0234375 0.0171875
1 0.61796875 0.18125 0.01875 0.01796875
1 0.63671875 0.1890625 0.02734375 0.03046875
1 0.67109375 0.1984375 0.03515625 0.03515625
1 0.715625 0.2171875 0.03203125 0.03046875
1 0.771875 0.246875 0.0546875 0.04140625
1 0.84609375 0.271875 0.07421875 0.065625
1 0.9703125 0.3546875 0.05859375 0.0921875