<<<<<<< HEAD
0 0.88671875 0.42109375 0.1140625 0.1265625
0 0.734375 0.359375 0.0953125 0.109375
0 0.659375 0.3171875 0.078125 0.09375
0 0.58984375 0.27890625 0.0671875 0.0828125
0 0.540625 0.2609375 0.059375 0.0671875
0 0.51875 0.24609375 0.0453125 0.0609375
0 0.4703125 0.23203125 0.0546875 0.0625
0 0.3640625 0.20859375 0.0515625 0.0640625
0 0.26875 0.1890625 0.0515625 0.053125
0 0.15390625 0.16171875 0.0453125 0.046875
0 0.11796875 0.1578125 0.053125 0.05625
0 0.0953125 0.1453125 0.0375 0.046875
0 0.13671875 0.128125 0.028125 0.028125
0 0.1609375 0.1421875 0.0328125 0.028125
0 0.23125 0.12265625 0.025 0.0296875
0 0.30859375 0.13515625 0.0265625 0.0265625
0 0.39296875 0.153125 0.015625 0.0203125
0 0.4671875 0.1625 0.021875 0.021875
0 0.534375 0.17578125 0.0171875 0.0234375
0 0.58359375 0.1828125 0.015625 0.01875
0 0.62265625 0.1890625 0.0125 0.0171875
0 0.6578125 0.1921875 0.009375 0.009375
0 0.69296875 0.19921875 0.01875 0.01875
0 0.71171875 0.2 0.0125 0.0171875
0 0.74296875 0.20703125 0.015625 0.015625
0 0.7671875 0.21640625 0.0140625 0.01875
0 0.80390625 0.22109375 0.015625 0.01875
1 0.7640625 0.20703125 0.0140625 0.0140625
1 0.7328125 0.2015625 0.0140625 0.01875
1 0.61640625 0.1828125 0.0171875 0.01875
1 0.4078125 0.14765625 0.0171875 0.0171875
1 0.3453125 0.1375 0.01875 0.025
1 0.2640625 0.12421875 0.01875 0.0234375
=======
0 0.88671875 0.42109375 0.1140625 0.1265625
0 0.734375 0.359375 0.0953125 0.109375
0 0.659375 0.3171875 0.078125 0.09375
0 0.58984375 0.27890625 0.0671875 0.0828125
0 0.540625 0.2609375 0.059375 0.0671875
0 0.51875 0.24609375 0.0453125 0.0609375
0 0.4703125 0.23203125 0.0546875 0.0625
0 0.3640625 0.20859375 0.0515625 0.0640625
0 0.26875 0.1890625 0.0515625 0.053125
0 0.15390625 0.16171875 0.0453125 0.046875
0 0.11796875 0.1578125 0.053125 0.05625
0 0.0953125 0.1453125 0.0375 0.046875
0 0.13671875 0.128125 0.028125 0.028125
0 0.1609375 0.1421875 0.0328125 0.028125
0 0.23125 0.12265625 0.025 0.0296875
0 0.30859375 0.13515625 0.0265625 0.0265625
0 0.39296875 0.153125 0.015625 0.0203125
0 0.4671875 0.1625 0.021875 0.021875
0 0.534375 0.17578125 0.0171875 0.0234375
0 0.58359375 0.1828125 0.015625 0.01875
0 0.62265625 0.1890625 0.0125 0.0171875
0 0.6578125 0.1921875 0.009375 0.009375
0 0.69296875 0.19921875 0.01875 0.01875
0 0.71171875 0.2 0.0125 0.0171875
0 0.74296875 0.20703125 0.015625 0.015625
0 0.7671875 0.21640625 0.0140625 0.01875
0 0.80390625 0.22109375 0.015625 0.01875
1 0.7640625 0.20703125 0.0140625 0.0140625
1 0.7328125 0.2015625 0.0140625 0.01875
1 0.61640625 0.1828125 0.0171875 0.01875
1 0.4078125 0.14765625 0.0171875 0.0171875
1 0.3453125 0.1375 0.01875 0.025
1 0.2640625 0.12421875 0.01875 0.0234375
>>>>>>> c9556306391b7ee450ce0db69384df37c899f0a7
1 0.2078125 0.1171875 0.021875 0.0234375