<<<<<<< HEAD
1 0.77890625 0.2703125 0.15 0.1453125
1 0.63046875 0.21953125 0.0890625 0.078125
1 0.55546875 0.1953125 0.0734375 0.071875
1 0.5203125 0.18671875 0.04375 0.046875
1 0.478125 0.18359375 0.0390625 0.0453125
0 0.05703125 0.31171875 0.0515625 0.046875
=======
1 0.77890625 0.2703125 0.15 0.1453125
1 0.63046875 0.21953125 0.0890625 0.078125
1 0.55546875 0.1953125 0.0734375 0.071875
1 0.5203125 0.18671875 0.04375 0.046875
1 0.478125 0.18359375 0.0390625 0.0453125
0 0.05703125 0.31171875 0.0515625 0.046875
>>>>>>> c9556306391b7ee450ce0db69384df37c899f0a7
0 0.01484375 0.346875 0.0296875 0.059375