0 0.08125 0.06640625 0.0703125 0.071875
0 0.12890625 0.04921875 0.0609375 0.0671875
0 0.15 0.02421875 0.053125 0.0484375
0 0.1453125 0.009375 0.040625 0.01875
0 0.13359375 0.01015625 0.0453125 0.0203125
0 0.12265625 0.0109375 0.0421875 0.021875
0 0.1515625 0.00859375 0.025 0.0171875
0 0.16875 0.0078125 0.025 0.015625
0 0.19765625 0.00703125 0.0265625 0.0140625
0 0.22265625 0.00625 0.0234375 0.0125
0 0.2484375 0.00546875 0.03125 0.0109375
0 0.2703125 0.00546875 0.015625 0.0109375
1 0.30078125 0.003125 0.0171875 0.00625
1 0.3375 0.003125 0.025 0.00625
1 0.36953125 0.00234375 0.0140625 0.0046875
1 0.403125 0.0046875 0.028125 0.009375
1 0.4296875 0.0078125 0.015625 0.015625
1 0.4703125 0.025 0.028125 0.0296875
1 0.52109375 0.0421875 0.028125 0.0359375
1 0.54921875 0.0453125 0.03125 0.0328125
1 0.58984375 0.06015625 0.0328125 0.040625
1 0.61875 0.07109375 0.0328125 0.0390625
1 0.6734375 0.08046875 0.0390625 0.0421875
1 0.7234375 0.09921875 0.04375 0.0546875
1 0.77578125 0.10703125 0.05 0.0578125
1 0.82890625 0.121875 0.0609375 0.0625
1 0.90546875 0.15703125 0.0703125 0.06875
1 0.97109375 0.1875 0.0578125 0.078125