<<<<<<< HEAD
1 0.12421875 0.1046875 0.0703125 0.0875
1 0.2 0.10234375 0.071875 0.071875
1 0.27421875 0.1078125 0.0796875 0.08125
1 0.3375 0.11796875 0.0609375 0.0640625
1 0.3875 0.12890625 0.0640625 0.0640625
1 0.45078125 0.1359375 0.046875 0.05
1 0.50234375 0.14453125 0.040625 0.0453125
1 0.52578125 0.1484375 0.0453125 0.0421875
1 0.56484375 0.1546875 0.040625 0.0453125
1 0.596875 0.15078125 0.034375 0.0359375
1 0.61953125 0.1578125 0.0359375 0.034375
1 0.63984375 0.15703125 0.0359375 0.034375
1 0.61640625 0.1359375 0.034375 0.03125
1 0.63984375 0.140625 0.03125 0.0296875
1 0.66484375 0.15078125 0.01875 0.021875
1 0.6828125 0.15703125 0.0203125 0.0234375
1 0.71015625 0.1625 0.0171875 0.0171875
1 0.73828125 0.1734375 0.0140625 0.0125
1 0.77109375 0.18046875 0.01875 0.01875
1 0.80234375 0.1890625 0.025 0.021875
1 0.965625 0.2296875 0.015625 0.01875
0 0.98203125 0.23828125 0.0203125 0.021875
0 0.84140625 0.20078125 0.028125 0.0203125
0 0.85234375 0.20703125 0.01875 0.0171875
0 0.8625 0.2125 0.021875 0.025
0 0.88203125 0.21796875 0.0265625 0.025
0 0.9015625 0.2234375 0.028125 0.0265625
0 0.925 0.23515625 0.021875 0.025
0 0.94296875 0.2453125 0.0265625 0.0265625
0 0.96953125 0.25859375 0.0421875 0.040625
0 0.94140625 0.2765625 0.04375 0.0390625
0 0.934375 0.30234375 0.0609375 0.05625
0 0.94921875 0.325 0.065625 0.0640625
=======
1 0.12421875 0.1046875 0.0703125 0.0875
1 0.2 0.10234375 0.071875 0.071875
1 0.27421875 0.1078125 0.0796875 0.08125
1 0.3375 0.11796875 0.0609375 0.0640625
1 0.3875 0.12890625 0.0640625 0.0640625
1 0.45078125 0.1359375 0.046875 0.05
1 0.50234375 0.14453125 0.040625 0.0453125
1 0.52578125 0.1484375 0.0453125 0.0421875
1 0.56484375 0.1546875 0.040625 0.0453125
1 0.596875 0.15078125 0.034375 0.0359375
1 0.61953125 0.1578125 0.0359375 0.034375
1 0.63984375 0.15703125 0.0359375 0.034375
1 0.61640625 0.1359375 0.034375 0.03125
1 0.63984375 0.140625 0.03125 0.0296875
1 0.66484375 0.15078125 0.01875 0.021875
1 0.6828125 0.15703125 0.0203125 0.0234375
1 0.71015625 0.1625 0.0171875 0.0171875
1 0.73828125 0.1734375 0.0140625 0.0125
1 0.77109375 0.18046875 0.01875 0.01875
1 0.80234375 0.1890625 0.025 0.021875
1 0.965625 0.2296875 0.015625 0.01875
0 0.98203125 0.23828125 0.0203125 0.021875
0 0.84140625 0.20078125 0.028125 0.0203125
0 0.85234375 0.20703125 0.01875 0.0171875
0 0.8625 0.2125 0.021875 0.025
0 0.88203125 0.21796875 0.0265625 0.025
0 0.9015625 0.2234375 0.028125 0.0265625
0 0.925 0.23515625 0.021875 0.025
0 0.94296875 0.2453125 0.0265625 0.0265625
0 0.96953125 0.25859375 0.0421875 0.040625
0 0.94140625 0.2765625 0.04375 0.0390625
0 0.934375 0.30234375 0.0609375 0.05625
0 0.94921875 0.325 0.065625 0.0640625
>>>>>>> c9556306391b7ee450ce0db69384df37c899f0a7
0 0.97109375 0.359375 0.0578125 0.0875