0 0.03125 0.12109375 0.0625 0.0640625
0 0.0765625 0.09765625 0.05390625 0.06171875
0 0.09453125 0.06953125 0.04765625 0.04375
0 0.08671875 0.03515625 0.0359375 0.034375
0 0.07421875 0.04140625 0.040625 0.03515625
0 0.0625 0.0359375 0.0375 0.040625
0 0.09140625 0.02890625 0.0203125 0.03359375
0 0.10859375 0.02421875 0.02109375 0.028125
0 0.13671875 0.01328125 0.0234375 0.02578125
0 0.1609375 0.0109375 0.02109375 0.021875
0 0.18671875 0.01171875 0.0296875 0.0203125
0 0.209375 0.0109375 0.0140625 0.01953125
1 0.2390625 0.00546875 0.015625 0.0109375
1 0.27578125 0.00625 0.0234375 0.0109375
1 0.30859375 0.00703125 0.01328125 0.01015625
1 0.3421875 0.009375 0.02578125 0.01796875
1 0.37109375 0.01875 0.01328125 0.01796875
1 0.4125 0.03203125 0.02578125 0.0265625
1 0.46484375 0.04296875 0.02421875 0.0328125
1 0.49375 0.04296875 0.028125 0.02890625
1 0.5359375 0.05234375 0.02890625 0.0375
1 0.565625 0.06015625 0.02890625 0.0359375
1 0.62109375 0.0625 0.03515625 0.0375
1 0.67265625 0.075 0.0375 0.05
1 0.72578125 0.0765625 0.04375 0.053125
1 0.78046875 0.084375 0.0546875 0.05546875
1 0.8609375 0.11015625 0.0625 0.06171875
1 0.940625 0.13125 0.07109375 0.0703125
1 0.98984375 0.16640625 0.0203125 0.0671875