<<<<<<< HEAD
1 0.18515625 0.11640625 0.0546875 0.0453125
1 0.33515625 0.11875 0.0484375 0.0390625
1 0.43125 0.11484375 0.0359375 0.0359375
1 0.48984375 0.1203125 0.0359375 0.0359375
1 0.5421875 0.125 0.03125 0.0390625
1 0.60625 0.12734375 0.0359375 0.0359375
1 0.67265625 0.1296875 0.034375 0.0421875
1 0.7359375 0.1390625 0.03125 0.0328125
1 0.784375 0.14375 0.034375 0.0296875
1 0.8484375 0.15 0.0328125 0.028125
1 0.91796875 0.15859375 0.03125 0.0328125
1 0.98671875 0.1703125 0.0265625 0.034375
0 0.975 0.2015625 0.046875 0.0421875
0 0.86953125 0.18984375 0.046875 0.0453125
0 0.80625 0.18125 0.05 0.05
0 0.6984375 0.1953125 0.0640625 0.0578125
0 0.5828125 0.2203125 0.078125 0.084375
=======
1 0.18515625 0.11640625 0.0546875 0.0453125
1 0.33515625 0.11875 0.0484375 0.0390625
1 0.43125 0.11484375 0.0359375 0.0359375
1 0.48984375 0.1203125 0.0359375 0.0359375
1 0.5421875 0.125 0.03125 0.0390625
1 0.60625 0.12734375 0.0359375 0.0359375
1 0.67265625 0.1296875 0.034375 0.0421875
1 0.7359375 0.1390625 0.03125 0.0328125
1 0.784375 0.14375 0.034375 0.0296875
1 0.8484375 0.15 0.0328125 0.028125
1 0.91796875 0.15859375 0.03125 0.0328125
1 0.98671875 0.1703125 0.0265625 0.034375
0 0.975 0.2015625 0.046875 0.0421875
0 0.86953125 0.18984375 0.046875 0.0453125
0 0.80625 0.18125 0.05 0.05
0 0.6984375 0.1953125 0.0640625 0.0578125
0 0.5828125 0.2203125 0.078125 0.084375
>>>>>>> c9556306391b7ee450ce0db69384df37c899f0a7
0 0.34296875 0.265625 0.121875 0.1296875