1 0.096875 0.12109375 0.0328125 0.03125
1 0.15078125 0.13046875 0.0328125 0.03125
1 0.20859375 0.13828125 0.0328125 0.0265625
1 0.25078125 0.14453125 0.0375 0.03125
1 0.30234375 0.15 0.0296875 0.03125
1 0.353125 0.16015625 0.0359375 0.0296875
1 0.41171875 0.16796875 0.034375 0.0359375
1 0.4671875 0.17734375 0.0265625 0.0296875
1 0.5234375 0.18515625 0.0328125 0.0296875
1 0.5875 0.18984375 0.0296875 0.025
1 0.63515625 0.203125 0.0265625 0.0265625
1 0.68125 0.2046875 0.03125 0.03125
1 0.7296875 0.2109375 0.0265625 0.025
1 0.77890625 0.2125 0.021875 0.0234375
1 0.821875 0.2203125 0.0296875 0.0265625
1 0.86796875 0.2234375 0.0265625 0.028125
1 0.91875 0.23046875 0.0296875 0.021875
1 0.96484375 0.2359375 0.028125 0.0203125
0 0.953125 0.25625 0.0390625 0.0375
0 0.91171875 0.2515625 0.0359375 0.0375
0 0.8515625 0.24609375 0.0328125 0.03125
0 0.79609375 0.2390625 0.034375 0.0328125
0 0.7265625 0.23046875 0.0359375 0.0328125
0 0.646875 0.21796875 0.0359375 0.03125
0 0.57265625 0.21796875 0.0390625 0.040625
0 0.49296875 0.19921875 0.0375 0.0375
0 0.41328125 0.19375 0.040625 0.0375
0 0.33125 0.1765625 0.0359375 0.034375
0 0.25703125 0.171875 0.040625 0.0390625
0 0.17890625 0.1515625 0.0375 0.034375
0 0.08203125 0.1390625 0.0375 0.0328125