<<<<<<< HEAD
1 0.20234375 0.43359375 0.15390625 0.140625
1 0.52109375 0.28671875 0.090625 0.08671875
1 0.6609375 0.221875 0.071875 0.065625
1 0.76015625 0.1765625 0.05546875 0.053125
1 0.8125 0.15625 0.0453125 0.03828125
1 0.8703125 0.13671875 0.0390625 0.04140625
1 0.91171875 0.12265625 0.03671875 0.0375
1 0.9453125 0.115625 0.03203125 0.0328125
1 0.96796875 0.1125 0.02734375 0.0328125
=======
1 0.20234375 0.43359375 0.15390625 0.140625
1 0.52109375 0.28671875 0.090625 0.08671875
1 0.6609375 0.221875 0.071875 0.065625
1 0.76015625 0.1765625 0.05546875 0.053125
1 0.8125 0.15625 0.0453125 0.03828125
1 0.8703125 0.13671875 0.0390625 0.04140625
1 0.91171875 0.12265625 0.03671875 0.0375
1 0.9453125 0.115625 0.03203125 0.0328125
1 0.96796875 0.1125 0.02734375 0.0328125
>>>>>>> c9556306391b7ee450ce0db69384df37c899f0a7
1 0.98984375 0.10234375 0.01640625 0.02734375