1 0.56328125 0.15078125 0.01484375 0.0203125
1 0.58046875 0.15546875 0.0140625 0.021875
1 0.59140625 0.15859375 0.0140625 0.01875
1 0.6046875 0.16171875 0.02265625 0.01796875
1 0.625 0.16796875 0.021875 0.021875
1 0.653125 0.17890625 0.03203125 0.03125
1 0.68046875 0.18828125 0.03671875 0.02734375
1 0.828125 0.14609375 0.0171875 0.0171875
1 0.7171875 0.2109375 0.04921875 0.03984375
1 0.7828125 0.2328125 0.05625 0.0484375
1 0.89921875 0.26953125 0.084375 0.084375
0 0.3359375 0.1484375 0.0171875 0.01796875
0 0.321875 0.153125 0.01640625 0.0203125
0 0.30234375 0.15390625 0.0171875 0.02109375
0 0.28203125 0.159375 0.028125 0.0234375
0 0.2625 0.16953125 0.02578125 0.0265625
0 0.2359375 0.1734375 0.02890625 0.03515625
0 0.196875 0.18359375 0.03984375 0.04453125
0 0.15 0.20078125 0.05 0.04765625
0 0.06875 0.23671875 0.05703125 0.05