<<<<<<< HEAD
1 0.96484375 0.415625 0.0703125 0.15625
1 0.88125 0.3375 0.11015625 0.11484375
1 0.85546875 0.296875 0.07578125 0.07734375
1 0.86875 0.275 0.0625 0.0796875
1 0.86015625 0.259375 0.06328125 0.0875
1 0.8390625 0.2375 0.04921875 0.071875
1 0.81484375 0.20390625 0.034375 0.04140625
1 0.8015625 0.1984375 0.03359375 0.04609375
1 0.7609375 0.18671875 0.03203125 0.0390625
1 0.7078125 0.1828125 0.03125 0.03203125
1 0.6625 0.184375 0.03125 0.034375
1 0.63203125 0.17421875 0.03046875 0.0359375
1 0.56875 0.1796875 0.028125 0.0234375
1 0.50859375 0.17109375 0.02421875 0.021875
1 0.45234375 0.17265625 0.0421875 0.02890625
1 0.3890625 0.16796875 0.03203125 0.02578125
1 0.325 0.16640625 0.02890625 0.02421875
0 0.26015625 0.2046875 0.0453125 0.0484375
0 0.2359375 0.19140625 0.03671875 0.03359375
0 0.2109375 0.2078125 0.05234375 0.04765625
0 0.15 0.1875 0.04140625 0.040625
0 0.15 0.21484375 0.05 0.046875
=======
1 0.96484375 0.415625 0.0703125 0.15625
1 0.88125 0.3375 0.11015625 0.11484375
1 0.85546875 0.296875 0.07578125 0.07734375
1 0.86875 0.275 0.0625 0.0796875
1 0.86015625 0.259375 0.06328125 0.0875
1 0.8390625 0.2375 0.04921875 0.071875
1 0.81484375 0.20390625 0.034375 0.04140625
1 0.8015625 0.1984375 0.03359375 0.04609375
1 0.7609375 0.18671875 0.03203125 0.0390625
1 0.7078125 0.1828125 0.03125 0.03203125
1 0.6625 0.184375 0.03125 0.034375
1 0.63203125 0.17421875 0.03046875 0.0359375
1 0.56875 0.1796875 0.028125 0.0234375
1 0.50859375 0.17109375 0.02421875 0.021875
1 0.45234375 0.17265625 0.0421875 0.02890625
1 0.3890625 0.16796875 0.03203125 0.02578125
1 0.325 0.16640625 0.02890625 0.02421875
0 0.26015625 0.2046875 0.0453125 0.0484375
0 0.2359375 0.19140625 0.03671875 0.03359375
0 0.2109375 0.2078125 0.05234375 0.04765625
0 0.15 0.1875 0.04140625 0.040625
0 0.15 0.21484375 0.05 0.046875
>>>>>>> c9556306391b7ee450ce0db69384df37c899f0a7
0 0.05546875 0.22890625 0.0703125 0.0625