0 0.78203125 0.165625 0.084375 0.075
0 0.65625 0.17265625 0.065625 0.0515625
0 0.5828125 0.1703125 0.05 0.0484375
0 0.53515625 0.16640625 0.0421875 0.0375
0 0.49765625 0.16484375 0.03125 0.03125
0 0.4734375 0.16328125 0.0265625 0.0296875
0 0.45859375 0.1609375 0.0203125 0.0234375
0 0.44375 0.1609375 0.0234375 0.0234375
0 0.43046875 0.15859375 0.0203125 0.01875
0 0.41328125 0.15703125 0.0171875 0.01875
0 0.40546875 0.15703125 0.015625 0.0171875
0 0.3953125 0.16015625 0.0125 0.015625
0 0.38984375 0.159375 0.0109375 0.015625
1 0.00625 0.2765625 0.0125 0.025
1 0.01875 0.36484375 0.0375 0.0734375
1 0.0484375 0.321875 0.0609375 0.0609375
1 0.0921875 0.2953125 0.04375 0.040625
1 0.12265625 0.2765625 0.040625 0.040625
1 0.13828125 0.26171875 0.028125 0.0328125
1 0.153125 0.2453125 0.028125 0.0296875
1 0.16484375 0.2390625 0.0203125 0.025
1 0.18125 0.23046875 0.0265625 0.0234375
1 0.18671875 0.22421875 0.01875 0.01875
1 0.19453125 0.21796875 0.025 0.021875