1 0.02265625 0.5359375 0.0453125 0.109375
1 0.03828125 0.48515625 0.0765625 0.0984375
1 0.0640625 0.44453125 0.071875 0.071875
1 0.084375 0.4125 0.0640625 0.06875
1 0.05 0.409375 0.071875 0.06875
1 0.04765625 0.38359375 0.0578125 0.0515625
1 0.07734375 0.35859375 0.0375 0.034375
1 0.1109375 0.3359375 0.04375 0.0421875
1 0.14140625 0.31796875 0.0375 0.040625
1 0.1625 0.30625 0.03125 0.0328125
1 0.2015625 0.28359375 0.0296875 0.028125
1 0.2484375 0.2609375 0.0328125 0.03125
1 0.28671875 0.2328125 0.028125 0.0296875
1 0.32734375 0.2078125 0.028125 0.0296875
1 0.37734375 0.18671875 0.0265625 0.025
1 0.446875 0.15 0.0203125 0.025
1 0.53359375 0.103125 0.0296875 0.03125
1 0.62421875 0.0609375 0.0390625 0.0375
1 0.7078125 0.01328125 0.034375 0.0265625
1 0.7828125 0.009375 0.034375 0.01875
0 0.83359375 0.08125 0.0484375 0.0609375
0 0.7875 0.06953125 0.0921875 0.0921875
0 0.71796875 0.09296875 0.075 0.071875
0 0.65546875 0.10703125 0.06875 0.065625
0 0.596875 0.12578125 0.059375 0.0578125
0 0.59296875 0.0890625 0.0421875 0.040625
0 0.70625 0.03125 0.04375 0.04375
0 0.5359375 0.14609375 0.059375 0.0578125
0 0.49140625 0.16796875 0.053125 0.0515625
0 0.45 0.17421875 0.0375 0.0359375
0 0.42109375 0.1875 0.0375 0.0390625
0 0.39921875 0.2 0.034375 0.0359375