<<<<<<< HEAD
0 0.90625 0.43671875 0.1875 0.2359375
0 0.659375 0.46953125 0.20625 0.2796875
0 0.5078125 0.3703125 0.15 0.1875
0 0.6828125 0.40625 0.175 0.265625
0 0.06015625 0.1734375 0.05 0.06875
0 0.1296875 0.14921875 0.040625 0.040625
0 0.16875 0.13046875 0.0234375 0.0359375
0 0.14609375 0.12578125 0.0328125 0.0375
0 0.18984375 0.1 0.0125 0.0234375
0 0.16953125 0.1078125 0.009375 0.0265625
0 0.12890625 0.1171875 0.025 0.0390625
0 0.1796875 0.1046875 0.015625 0.028125
1 0.0359375 0.1 0.0171875 0.025
1 0.0203125 0.10078125 0.0171875 0.028125
=======
0 0.90625 0.43671875 0.1875 0.2359375
0 0.659375 0.46953125 0.20625 0.2796875
0 0.5078125 0.3703125 0.15 0.1875
0 0.6828125 0.40625 0.175 0.265625
0 0.06015625 0.1734375 0.05 0.06875
0 0.1296875 0.14921875 0.040625 0.040625
0 0.16875 0.13046875 0.0234375 0.0359375
0 0.14609375 0.12578125 0.0328125 0.0375
0 0.18984375 0.1 0.0125 0.0234375
0 0.16953125 0.1078125 0.009375 0.0265625
0 0.12890625 0.1171875 0.025 0.0390625
0 0.1796875 0.1046875 0.015625 0.028125
1 0.0359375 0.1 0.0171875 0.025
1 0.0203125 0.10078125 0.0171875 0.028125
>>>>>>> c9556306391b7ee450ce0db69384df37c899f0a7
1 0.00234375 0.10625 0.0046875 0.040625