<<<<<<< HEAD
1 0.79765625 0.446875 0.15625 0.16796875
1 0.47734375 0.28515625 0.078125 0.096875
1 0.33828125 0.2234375 0.06875 0.06953125
1 0.2390625 0.171875 0.053125 0.04765625
1 0.184375 0.1671875 0.04609375 0.04453125
1 0.125 0.140625 0.03515625 0.03828125
1 0.084375 0.12578125 0.03359375 0.03515625
1 0.0515625 0.11328125 0.03203125 0.02734375
1 0.02421875 0.1078125 0.0265625 0.02109375
=======
1 0.79765625 0.446875 0.15625 0.16796875
1 0.47734375 0.28515625 0.078125 0.096875
1 0.33828125 0.2234375 0.06875 0.06953125
1 0.2390625 0.171875 0.053125 0.04765625
1 0.184375 0.1671875 0.04609375 0.04453125
1 0.125 0.140625 0.03515625 0.03828125
1 0.084375 0.12578125 0.03359375 0.03515625
1 0.0515625 0.11328125 0.03203125 0.02734375
1 0.02421875 0.1078125 0.0265625 0.02109375
>>>>>>> c9556306391b7ee450ce0db69384df37c899f0a7
1 0.00625 0.10390625 0.0125 0.0203125