1 0.00546875 0.2015625 0.0109375 0.071875
1 0.0359375 0.1609375 0.071875 0.075
1 0.1140625 0.13515625 0.065625 0.065625
1 0.19140625 0.1046875 0.0578125 0.0609375
1 0.24609375 0.09453125 0.05 0.0515625
1 0.2984375 0.0890625 0.040625 0.0484375
1 0.3484375 0.0734375 0.0421875 0.0421875
1 0.40390625 0.06484375 0.0375 0.0375
1 0.43125 0.05625 0.034375 0.0375
1 0.4734375 0.04609375 0.03125 0.03125
1 0.50078125 0.040625 0.03125 0.0375
1 0.534375 0.0359375 0.0265625 0.025
1 0.55546875 0.025 0.0203125 0.028125
1 0.59453125 0.01015625 0.015625 0.015625
1 0.61953125 0.0046875 0.0109375 0.009375
1 0.65546875 0.0046875 0.0140625 0.009375
1 0.6875 0.00390625 0.01875 0.0078125
1 0.7234375 0.0046875 0.021875 0.009375
0 0.75546875 0.00546875 0.0171875 0.0109375
0 0.7703125 0.00546875 0.01875 0.0109375
0 0.78515625 0.00546875 0.0171875 0.0109375
0 0.8046875 0.00625 0.021875 0.0125
0 0.853125 0.0078125 0.021875 0.015625
0 0.8734375 0.00859375 0.025 0.0171875
0 0.9078125 0.0125 0.05 0.025
0 0.884375 0.0453125 0.0703125 0.06875
0 0.8953125 0.06953125 0.0578125 0.059375
0 0.9390625 0.08203125 0.06875 0.0640625