1 0.8515625 0.01484375 0.025 0.0296875
1 0.60546875 0.1 0.01875 0.025
1 0.625 0.0953125 0.034375 0.0328125
1 0.64375 0.0984375 0.028125 0.028125
1 0.665625 0.10390625 0.0359375 0.0390625
1 0.696875 0.0984375 0.0421875 0.0375
1 0.73671875 0.09765625 0.05 0.05
1 0.78515625 0.10390625 0.053125 0.0484375
1 0.8734375 0.10859375 0.0640625 0.071875
0 0.3703125 0.17265625 0.025 0.0234375
0 0.35234375 0.178125 0.025 0.021875
0 0.34453125 0.1875 0.0265625 0.028125
0 0.3328125 0.19453125 0.0296875 0.0296875
0 0.31484375 0.209375 0.0328125 0.03125
0 0.29609375 0.2234375 0.0375 0.0421875
0 0.2734375 0.24453125 0.0484375 0.05
0 0.2375 0.26796875 0.0640625 0.0640625
0 0.175 0.321875 0.0671875 0.0625
0 0.0796875 0.39453125 0.1046875 0.0984375