1 0.1703125 0.13671875 0.0703125 0.0671875
1 0.25390625 0.1390625 0.0484375 0.04375
1 0.24375 0.0734375 0.0203125 0.0234375
1 0.31484375 0.14140625 0.0375 0.0328125
1 0.35078125 0.13828125 0.0375 0.034375
1 0.3796875 0.13984375 0.0296875 0.0296875
1 0.4046875 0.1390625 0.028125 0.0296875
1 0.42578125 0.1421875 0.0203125 0.01875
1 0.43984375 0.14140625 0.015625 0.0203125
1 0.45546875 0.1390625 0.01875 0.0171875
1 0.46953125 0.14375 0.0203125 0.0203125
0 0.67109375 0.1984375 0.0203125 0.0171875
0 0.68125 0.203125 0.0171875 0.01875
0 0.690625 0.2078125 0.021875 0.021875
0 0.69765625 0.21953125 0.025 0.021875
0 0.7078125 0.225 0.0265625 0.025
0 0.7203125 0.23515625 0.03125 0.0296875
0 0.728125 0.246875 0.0390625 0.0359375
0 0.74921875 0.25703125 0.0453125 0.0421875
0 0.76875 0.2859375 0.05 0.046875
0 0.8140625 0.31953125 0.065625 0.059375
0 0.87734375 0.38203125 0.0890625 0.071875
0 0.97421875 0.47578125 0.0515625 0.1078125