1 0.93828125 0.2609375 0.02421875 0.028125
1 0.8109375 0.265625 0.021875 0.02578125
1 0.68671875 0.26171875 0.02265625 0.0265625
1 0.565625 0.26484375 0.0296875 0.025
1 0.43359375 0.27265625 0.034375 0.0265625
1 0.2890625 0.27265625 0.02734375 0.0234375
1 0.16953125 0.2734375 0.03359375 0.0296875
1 0.0421875 0.28125 0.0359375 0.0296875
0 0.10234375 0.3015625 0.05 0.04765625
0 0.31328125 0.2984375 0.0453125 0.0390625
0 0.50703125 0.2921875 0.04140625 0.0390625
0 0.69453125 0.3015625 0.040625 0.03984375
0 0.8484375 0.2859375 0.04140625 0.0390625