1 0.865625 0.20078125 0.1375 0.1703125
1 0.7546875 0.17265625 0.1515625 0.153125
1 0.7125 0.15 0.103125 0.1046875
1 0.71328125 0.12421875 0.09375 0.1
1 0.6984375 0.11484375 0.0984375 0.1078125
1 0.66953125 0.10625 0.078125 0.0875
1 0.63203125 0.08828125 0.05 0.053125
1 0.6171875 0.08984375 0.0515625 0.05625
1 0.5765625 0.09921875 0.046875 0.05
1 0.528125 0.121875 0.0421875 0.04375
1 0.4890625 0.1453125 0.04375 0.0453125
1 0.4578125 0.15078125 0.04375 0.046875
1 0.4046875 0.18671875 0.0359375 0.034375
1 0.3484375 0.2078125 0.03125 0.03125
1 0.3 0.23671875 0.0515625 0.0453125
1 0.2421875 0.26328125 0.040625 0.0375
1 0.18515625 0.29296875 0.0375 0.0359375
0 0.146875 0.3578125 0.0625 0.0640625
0 0.11953125 0.3578125 0.0484375 0.046875
0 0.10546875 0.384375 0.06875 0.0671875
0 0.0421875 0.39609375 0.05625 0.05625
0 0.05546875 0.4203125 0.0671875 0.065625
0 0.02265625 0.47734375 0.0453125 0.0890625