1 0.0234375 0.34375 0.046875 0.096875
1 0.04609375 0.29921875 0.0875 0.0796875
1 0.121875 0.26328125 0.075 0.071875
1 0.184375 0.23515625 0.0625 0.0765625
1 0.24609375 0.21171875 0.0578125 0.065625
1 0.28359375 0.19296875 0.046875 0.0515625
1 0.334375 0.17890625 0.04375 0.04375
1 0.38828125 0.1578125 0.0328125 0.034375
1 0.41796875 0.153125 0.0328125 0.0390625
1 0.4546875 0.13359375 0.0328125 0.040625
1 0.4875 0.1015625 0.028125 0.0296875
1 0.50625 0.1125 0.028125 0.028125
1 0.52578125 0.109375 0.03125 0.0296875
1 0.5328125 0.0859375 0.021875 0.0234375
1 0.55546875 0.08125 0.0171875 0.0171875
1 0.4828125 0.12578125 0.0375 0.0421875
1 0.58515625 0.075 0.01875 0.0171875
1 0.615625 0.06875 0.0171875 0.0171875
1 0.64921875 0.059375 0.0171875 0.015625
1 0.68359375 0.053125 0.0171875 0.01875
0 0.70546875 0.0515625 0.021875 0.0171875
0 0.71796875 0.053125 0.01875 0.0203125
0 0.73359375 0.05078125 0.025 0.0234375
0 0.75234375 0.05 0.0296875 0.028125
0 0.771875 0.04296875 0.034375 0.0296875
0 0.79296875 0.04296875 0.0234375 0.028125
0 0.81953125 0.03828125 0.0296875 0.0296875
0 0.84375 0.0421875 0.034375 0.0328125
0 0.88046875 0.04140625 0.0453125 0.04375
0 0.871875 0.07734375 0.071875 0.065625
0 0.8859375 0.11015625 0.08125 0.096875
1 0.85390625 0.0171875 0.0234375 0.0265625