<<<<<<< HEAD
1 0.740625 0.0671875 0.071875 0.065625
1 0.65 0.0984375 0.0625 0.0578125
1 0.56953125 0.13203125 0.0515625 0.0546875
1 0.49453125 0.1625 0.053125 0.05
1 0.446875 0.1703125 0.0421875 0.04375
1 0.41328125 0.18125 0.046875 0.046875
1 0.3828125 0.19140625 0.0375 0.0375
1 0.35546875 0.2 0.034375 0.0359375
1 0.32265625 0.2109375 0.034375 0.0375
1 0.29765625 0.21875 0.0265625 0.03125
1 0.275 0.22734375 0.0328125 0.034375
1 0.24375 0.240625 0.0359375 0.0375
1 0.21796875 0.2484375 0.0328125 0.034375
1 0.1859375 0.25859375 0.025 0.0265625
1 0.15703125 0.271875 0.028125 0.0265625
1 0.12578125 0.2859375 0.0265625 0.028125
1 0.09453125 0.30390625 0.034375 0.0390625
1 0.06015625 0.309375 0.0296875 0.0328125
1 0.028125 0.3265625 0.0328125 0.03125
0 0.00859375 0.37109375 0.0171875 0.0390625
0 0.009375 0.36796875 0.01875 0.0421875
0 0.0140625 0.3734375 0.028125 0.040625
0 0.0265625 0.37109375 0.04375 0.0484375
0 0.04453125 0.3703125 0.0453125 0.0515625
0 0.0625 0.37578125 0.046875 0.0484375
0 0.07734375 0.37890625 0.05 0.0546875
0 0.11015625 0.37578125 0.06875 0.0640625
0 0.1625 0.3640625 0.078125 0.0796875
0 0.2515625 0.34765625 0.084375 0.078125
0 0.35703125 0.31796875 0.09375 0.0859375
0 0.51171875 0.2625 0.1203125 0.109375
=======
1 0.740625 0.0671875 0.071875 0.065625
1 0.65 0.0984375 0.0625 0.0578125
1 0.56953125 0.13203125 0.0515625 0.0546875
1 0.49453125 0.1625 0.053125 0.05
1 0.446875 0.1703125 0.0421875 0.04375
1 0.41328125 0.18125 0.046875 0.046875
1 0.3828125 0.19140625 0.0375 0.0375
1 0.35546875 0.2 0.034375 0.0359375
1 0.32265625 0.2109375 0.034375 0.0375
1 0.29765625 0.21875 0.0265625 0.03125
1 0.275 0.22734375 0.0328125 0.034375
1 0.24375 0.240625 0.0359375 0.0375
1 0.21796875 0.2484375 0.0328125 0.034375
1 0.1859375 0.25859375 0.025 0.0265625
1 0.15703125 0.271875 0.028125 0.0265625
1 0.12578125 0.2859375 0.0265625 0.028125
1 0.09453125 0.30390625 0.034375 0.0390625
1 0.06015625 0.309375 0.0296875 0.0328125
1 0.028125 0.3265625 0.0328125 0.03125
0 0.00859375 0.37109375 0.0171875 0.0390625
0 0.009375 0.36796875 0.01875 0.0421875
0 0.0140625 0.3734375 0.028125 0.040625
0 0.0265625 0.37109375 0.04375 0.0484375
0 0.04453125 0.3703125 0.0453125 0.0515625
0 0.0625 0.37578125 0.046875 0.0484375
0 0.07734375 0.37890625 0.05 0.0546875
0 0.11015625 0.37578125 0.06875 0.0640625
0 0.1625 0.3640625 0.078125 0.0796875
0 0.2515625 0.34765625 0.084375 0.078125
0 0.35703125 0.31796875 0.09375 0.0859375
0 0.51171875 0.2625 0.1203125 0.109375
>>>>>>> c9556306391b7ee450ce0db69384df37c899f0a7
0 0.71171875 0.19453125 0.1265625 0.1171875