1 0.99296875 0.3421875 0.0140625 0.01875
1 0.95390625 0.31171875 0.0140625 0.0140625
1 0.87421875 0.26328125 0.0140625 0.015625
1 0.83984375 0.2390625 0.01875 0.0203125
1 0.8046875 0.2171875 0.015625 0.015625
1 0.77421875 0.196875 0.0125 0.0125
0 0.7125 0.16171875 0.0125 0.0140625
0 0.7453125 0.18046875 0.0125 0.015625
0 0.78515625 0.20703125 0.0171875 0.01875
0 0.82265625 0.23515625 0.0171875 0.01875
0 0.86484375 0.25859375 0.01875 0.0203125
0 0.91015625 0.290625 0.01875 0.0203125
0 0.96328125 0.321875 0.01875 0.0203125
0 0.9203125 0.565625 0.159375 0.16875
0 0.7265625 0.478125 0.1703125 0.1625