<<<<<<< HEAD
1 0.1375 0.10234375 0.021875 0.0234375
1 0.15546875 0.10078125 0.0171875 0.0203125
1 0.1734375 0.12109375 0.0265625 0.025
1 0.18359375 0.125 0.025 0.0265625
1 0.215625 0.125 0.025 0.028125
1 0.253125 0.13046875 0.03125 0.0328125
1 0.296875 0.1328125 0.034375 0.034375
1 0.32890625 0.13671875 0.040625 0.046875
1 0.38125 0.14140625 0.040625 0.040625
1 0.45078125 0.14140625 0.04375 0.04375
1 0.5 0.15078125 0.046875 0.053125
1 0.56875 0.15859375 0.053125 0.071875
1 0.63828125 0.16875 0.0640625 0.05625
1 0.725 0.184375 0.0671875 0.0703125
1 0.81328125 0.209375 0.0796875 0.06875
1 0.915625 0.23828125 0.103125 0.096875
=======
1 0.1375 0.10234375 0.021875 0.0234375
1 0.15546875 0.10078125 0.0171875 0.0203125
1 0.1734375 0.12109375 0.0265625 0.025
1 0.18359375 0.125 0.025 0.0265625
1 0.215625 0.125 0.025 0.028125
1 0.253125 0.13046875 0.03125 0.0328125
1 0.296875 0.1328125 0.034375 0.034375
1 0.32890625 0.13671875 0.040625 0.046875
1 0.38125 0.14140625 0.040625 0.040625
1 0.45078125 0.14140625 0.04375 0.04375
1 0.5 0.15078125 0.046875 0.053125
1 0.56875 0.15859375 0.053125 0.071875
1 0.63828125 0.16875 0.0640625 0.05625
1 0.725 0.184375 0.0671875 0.0703125
1 0.81328125 0.209375 0.0796875 0.06875
1 0.915625 0.23828125 0.103125 0.096875
>>>>>>> c9556306391b7ee450ce0db69384df37c899f0a7
1 0.99375 0.30625 0.0125 0.071875