<<<<<<< HEAD
0 0.79296875 0.78828125 0.3609375 0.4234375
0 0.4890625 0.45390625 0.2890625 0.3328125
0 0.43203125 0.27890625 0.196875 0.2265625
0 0.309375 0.17109375 0.1609375 0.18125
0 0.22734375 0.07890625 0.125 0.128125
0 0.184375 0.03828125 0.0875 0.0765625
0 0.20078125 0.0140625 0.0609375 0.028125
0 0.25546875 0.01484375 0.0640625 0.0296875
0 0.32734375 0.02421875 0.0515625 0.0484375
0 0.3734375 0.02421875 0.0484375 0.046875
0 0.44453125 0.04921875 0.0515625 0.0578125
0 0.48046875 0.0578125 0.04375 0.046875
0 0.56484375 0.0984375 0.05 0.053125
0 0.678125 0.13828125 0.040625 0.046875
0 0.85078125 0.21640625 0.034375 0.034375
0 0.98359375 0.275 0.0328125 0.046875
1 0.9921875 0.26015625 0.015625 0.0328125
1 0.928125 0.234375 0.0328125 0.0375
1 0.85546875 0.203125 0.034375 0.0390625
1 0.76171875 0.1609375 0.0328125 0.03125
1 0.690625 0.12421875 0.0296875 0.025
1 0.59453125 0.08828125 0.0296875 0.0375
1 0.53125 0.0640625 0.028125 0.0328125
1 0.49375 0.03984375 0.021875 0.01875
1 0.43984375 0.0265625 0.034375 0.040625
1 0.3375 0.00625 0.028125 0.0125
1 0.234375 0.009375 0.034375 0.01875
=======
0 0.79296875 0.78828125 0.3609375 0.4234375
0 0.4890625 0.45390625 0.2890625 0.3328125
0 0.43203125 0.27890625 0.196875 0.2265625
0 0.309375 0.17109375 0.1609375 0.18125
0 0.22734375 0.07890625 0.125 0.128125
0 0.184375 0.03828125 0.0875 0.0765625
0 0.20078125 0.0140625 0.0609375 0.028125
0 0.25546875 0.01484375 0.0640625 0.0296875
0 0.32734375 0.02421875 0.0515625 0.0484375
0 0.3734375 0.02421875 0.0484375 0.046875
0 0.44453125 0.04921875 0.0515625 0.0578125
0 0.48046875 0.0578125 0.04375 0.046875
0 0.56484375 0.0984375 0.05 0.053125
0 0.678125 0.13828125 0.040625 0.046875
0 0.85078125 0.21640625 0.034375 0.034375
0 0.98359375 0.275 0.0328125 0.046875
1 0.9921875 0.26015625 0.015625 0.0328125
1 0.928125 0.234375 0.0328125 0.0375
1 0.85546875 0.203125 0.034375 0.0390625
1 0.76171875 0.1609375 0.0328125 0.03125
1 0.690625 0.12421875 0.0296875 0.025
1 0.59453125 0.08828125 0.0296875 0.0375
1 0.53125 0.0640625 0.028125 0.0328125
1 0.49375 0.03984375 0.021875 0.01875
1 0.43984375 0.0265625 0.034375 0.040625
1 0.3375 0.00625 0.028125 0.0125
1 0.234375 0.009375 0.034375 0.01875
>>>>>>> c9556306391b7ee450ce0db69384df37c899f0a7
1 0.1953125 0.00625 0.01875 0.0125