<<<<<<< HEAD
0 0.0328125 0.1390625 0.01953125 0.02421875
0 0.146875 0.14609375 0.02421875 0.02109375
0 0.24296875 0.14453125 0.0234375 0.01796875
0 0.421875 0.153125 0.0203125 0.01796875
0 0.4015625 0.15078125 0.02109375 0.021875
0 0.38203125 0.15703125 0.0203125 0.0265625
0 0.35625 0.1578125 0.02578125 0.02578125
0 0.31953125 0.16015625 0.03046875 0.02890625
0 0.28984375 0.16640625 0.028125 0.02421875
0 0.25625 0.171875 0.0296875 0.028125
0 0.225 0.17734375 0.028125 0.0265625
0 0.19375 0.17734375 0.02578125 0.03125
0 0.178125 0.1828125 0.040625 0.03671875
0 0.1640625 0.19765625 0.0375 0.028125
0 0.14921875 0.2140625 0.04765625 0.0453125
0 0.13671875 0.21953125 0.0515625 0.0578125
0 0.10234375 0.2421875 0.06796875 0.075
0 0.06015625 0.26484375 0.08359375 0.08984375
0 0.0296875 0.2953125 0.059375 0.109375
1 0.05078125 0.13984375 0.021875 0.02421875
1 0.121875 0.140625 0.01953125 0.01953125
1 0.2 0.13984375 0.01640625 0.0234375
1 0.2828125 0.13828125 0.025 0.021875
1 0.43203125 0.14296875 0.0203125 0.01875
1 0.36640625 0.14140625 0.01484375 0.01796875
1 0.47265625 0.14453125 0.01953125 0.01484375
1 0.5125 0.146875 0.01796875 0.01796875
1 0.5484375 0.146875 0.01953125 0.01484375
1 0.5859375 0.14765625 0.01953125 0.01953125
1 0.6203125 0.1484375 0.0203125 0.021875
1 0.640625 0.1484375 0.015625 0.02109375
1 0.659375 0.15 0.01953125 0.021875
1 0.6875 0.15078125 0.0203125 0.02109375
1 0.715625 0.16328125 0.028125 0.02578125
1 0.68671875 0.17421875 0.028125 0.02890625
1 0.6578125 0.1765625 0.02109375 0.02890625
1 0.6703125 0.184375 0.028125 0.0328125
1 0.6828125 0.1890625 0.0296875 0.03203125
1 0.70078125 0.1984375 0.0375 0.04140625
1 0.740625 0.2078125 0.05 0.04921875
1 0.79765625 0.21875 0.05078125 0.0609375
1 0.9515625 0.24765625 0.06875 0.0625
=======
0 0.0328125 0.1390625 0.01953125 0.02421875
0 0.146875 0.14609375 0.02421875 0.02109375
0 0.24296875 0.14453125 0.0234375 0.01796875
0 0.421875 0.153125 0.0203125 0.01796875
0 0.4015625 0.15078125 0.02109375 0.021875
0 0.38203125 0.15703125 0.0203125 0.0265625
0 0.35625 0.1578125 0.02578125 0.02578125
0 0.31953125 0.16015625 0.03046875 0.02890625
0 0.28984375 0.16640625 0.028125 0.02421875
0 0.25625 0.171875 0.0296875 0.028125
0 0.225 0.17734375 0.028125 0.0265625
0 0.19375 0.17734375 0.02578125 0.03125
0 0.178125 0.1828125 0.040625 0.03671875
0 0.1640625 0.19765625 0.0375 0.028125
0 0.14921875 0.2140625 0.04765625 0.0453125
0 0.13671875 0.21953125 0.0515625 0.0578125
0 0.10234375 0.2421875 0.06796875 0.075
0 0.06015625 0.26484375 0.08359375 0.08984375
0 0.0296875 0.2953125 0.059375 0.109375
1 0.05078125 0.13984375 0.021875 0.02421875
1 0.121875 0.140625 0.01953125 0.01953125
1 0.2 0.13984375 0.01640625 0.0234375
1 0.2828125 0.13828125 0.025 0.021875
1 0.43203125 0.14296875 0.0203125 0.01875
1 0.36640625 0.14140625 0.01484375 0.01796875
1 0.47265625 0.14453125 0.01953125 0.01484375
1 0.5125 0.146875 0.01796875 0.01796875
1 0.5484375 0.146875 0.01953125 0.01484375
1 0.5859375 0.14765625 0.01953125 0.01953125
1 0.6203125 0.1484375 0.0203125 0.021875
1 0.640625 0.1484375 0.015625 0.02109375
1 0.659375 0.15 0.01953125 0.021875
1 0.6875 0.15078125 0.0203125 0.02109375
1 0.715625 0.16328125 0.028125 0.02578125
1 0.68671875 0.17421875 0.028125 0.02890625
1 0.6578125 0.1765625 0.02109375 0.02890625
1 0.6703125 0.184375 0.028125 0.0328125
1 0.6828125 0.1890625 0.0296875 0.03203125
1 0.70078125 0.1984375 0.0375 0.04140625
1 0.740625 0.2078125 0.05 0.04921875
1 0.79765625 0.21875 0.05078125 0.0609375
1 0.9515625 0.24765625 0.06875 0.0625
>>>>>>> c9556306391b7ee450ce0db69384df37c899f0a7
1 0.88203125 0.23671875 0.06328125 0.065625