<<<<<<< HEAD
0 0.87109375 0.1453125 0.05 0.05625
0 0.7171875 0.12421875 0.04375 0.053125
0 0.6234375 0.109375 0.0375 0.04375
0 0.528125 0.09609375 0.0375 0.0375
0 0.51015625 0.08984375 0.028125 0.034375
0 0.3046875 0.06171875 0.025 0.03125
0 0.3453125 0.06484375 0.025 0.03125
0 0.4140625 0.07890625 0.0296875 0.0375
1 0.51640625 0.06875 0.0234375 0.028125
1 0.62265625 0.08046875 0.0234375 0.0296875
1 0.7578125 0.09609375 0.0265625 0.03125
=======
0 0.87109375 0.1453125 0.05 0.05625
0 0.7171875 0.12421875 0.04375 0.053125
0 0.6234375 0.109375 0.0375 0.04375
0 0.528125 0.09609375 0.0375 0.0375
0 0.51015625 0.08984375 0.028125 0.034375
0 0.3046875 0.06171875 0.025 0.03125
0 0.3453125 0.06484375 0.025 0.03125
0 0.4140625 0.07890625 0.0296875 0.0375
1 0.51640625 0.06875 0.0234375 0.028125
1 0.62265625 0.08046875 0.0234375 0.0296875
1 0.7578125 0.09609375 0.0265625 0.03125
>>>>>>> c9556306391b7ee450ce0db69384df37c899f0a7
1 0.8640625 0.11171875 0.025 0.0328125