1 0.97265625 0.4734375 0.0546875 0.10625
1 0.890625 0.359375 0.09375 0.0890625
1 0.82578125 0.31953125 0.0671875 0.0640625
1 0.77421875 0.2765625 0.05 0.0453125
1 0.7390625 0.25234375 0.046875 0.0453125
1 0.71015625 0.22890625 0.0375 0.034375
1 0.6890625 0.21953125 0.025 0.028125
1 0.6703125 0.2125 0.0234375 0.025
1 0.6609375 0.2046875 0.01875 0.01875
1 0.6484375 0.19296875 0.0171875 0.0203125
1 0.64453125 0.19296875 0.0203125 0.0203125
1 0.63671875 0.1859375 0.021875 0.021875
1 0.625 0.1828125 0.0203125 0.0203125
0 0.45078125 0.13515625 0.015625 0.0171875
0 0.440625 0.13359375 0.015625 0.0140625
0 0.4328125 0.13125 0.0171875 0.01875
0 0.42421875 0.13125 0.0125 0.0140625
0 0.41796875 0.13515625 0.0171875 0.0171875
0 0.40546875 0.13359375 0.01875 0.0203125
0 0.396875 0.13828125 0.0171875 0.01875
0 0.378125 0.14296875 0.021875 0.0234375
0 0.3625 0.146875 0.0296875 0.0296875
0 0.33828125 0.1453125 0.034375 0.034375
0 0.3046875 0.153125 0.0359375 0.03125
0 0.25234375 0.15234375 0.053125 0.05
0 0.1734375 0.15859375 0.0734375 0.0625
0 0.0703125 0.178125 0.0203125 0.04375
1 0.8015625 0.21171875 0.025 0.025