0 0.78046875 0.725 0.30078125 0.33203125
0 0.4265625 0.446875 0.1796875 0.20390625
0 0.303125 0.34765625 0.1375 0.1203125
0 0.26015625 0.27734375 0.09296875 0.08828125
0 0.2328125 0.246875 0.071875 0.07578125
0 0.22109375 0.209375 0.0640625 0.0578125
0 0.20546875 0.18203125 0.04140625 0.04375
0 0.1953125 0.16484375 0.04140625 0.0453125
0 0.1703125 0.153125 0.034375 0.03828125
0 0.1625 0.14609375 0.03984375 0.02734375
0 0.15234375 0.14609375 0.0328125 0.03046875
0 0.1203125 0.13828125 0.02734375 0.0296875
0 0.0796875 0.13046875 0.03046875 0.03203125
0 0.05 0.1328125 0.02421875 0.0296875
1 0.259375 0.11015625 0.02109375 0.025
1 0.3078125 0.1109375 0.02578125 0.0296875
1 0.3546875 0.1140625 0.028125 0.02421875
1 0.39765625 0.11640625 0.0265625 0.03046875
1 0.44140625 0.11796875 0.0328125 0.0296875
1 0.4828125 0.11875 0.02578125 0.0296875
1 0.52734375 0.1203125 0.02734375 0.0296875
1 0.559375 0.12265625 0.0375 0.0390625
1 0.6015625 0.12734375 0.03203125 0.03671875
1 0.65625 0.1328125 0.03671875 0.0390625
1 0.70390625 0.1390625 0.0390625 0.04296875
1 0.7640625 0.15 0.04296875 0.0453125
1 0.81875 0.15625 0.0515625 0.04375
1 0.88984375 0.16796875 0.053125 0.0546875
1 0.9734375 0.178125 0.053125 0.05078125