0 0.15 0.10859375 0.0703125 0.0875
0 0.19140625 0.10234375 0.0875 0.08125
0 0.26171875 0.1078125 0.078125 0.0796875
0 0.19765625 0.01640625 0.0390625 0.0328125
0 0.309375 0.06171875 0.0328125 0.03125
0 0.3140625 0.12578125 0.0640625 0.0625
0 0.3703125 0.1359375 0.0546875 0.0546875
0 0.42578125 0.1109375 0.03125 0.03125
0 0.42421875 0.1484375 0.053125 0.0546875
0 0.47421875 0.1625 0.0515625 0.0546875
0 0.5140625 0.178125 0.046875 0.05
0 0.56171875 0.1921875 0.04375 0.0421875
0 0.5421875 0.16328125 0.0328125 0.034375
0 0.59140625 0.19921875 0.03125 0.0359375
0 0.609375 0.20859375 0.0328125 0.0359375
1 0.96953125 0.47109375 0.0609375 0.0984375
1 0.9546875 0.4359375 0.0859375 0.0875
1 0.9296875 0.40625 0.0671875 0.0625
1 0.909375 0.38046875 0.059375 0.0625
1 0.93046875 0.3890625 0.059375 0.0609375
1 0.95234375 0.38359375 0.046875 0.05
1 0.9640625 0.3703125 0.04375 0.05
1 0.92734375 0.340625 0.0375 0.0375
1 0.890625 0.321875 0.0375 0.0375
1 0.86796875 0.30625 0.0359375 0.0375
1 0.84296875 0.29375 0.03125 0.034375
1 0.80859375 0.271875 0.034375 0.0359375
1 0.76015625 0.25625 0.03125 0.0328125
1 0.71875 0.23359375 0.0265625 0.0296875
1 0.675 0.2140625 0.025 0.0265625
1 0.62578125 0.1921875 0.03125 0.0328125
1 0.56328125 0.165625 0.025 0.0265625
1 0.4796875 0.12421875 0.0296875 0.0265625
1 0.38984375 0.0859375 0.03125 0.0296875
1 0.309375 0.04609375 0.0328125 0.0265625
1 0.23125 0.01796875 0.0328125 0.03125