<<<<<<< HEAD
0 0.165625 0.06953125 0.1015625 0.1328125
0 0.32578125 0.07890625 0.11875 0.1203125
0 0.43671875 0.07578125 0.10625 0.115625
0 0.521875 0.08828125 0.0828125 0.0796875
0 0.56875 0.084375 0.0703125 0.06875
0 0.58984375 0.07734375 0.0609375 0.0671875
0 0.59765625 0.05703125 0.0578125 0.0625
0 0.58828125 0.03359375 0.05625 0.059375
0 0.6125 0.03359375 0.0375 0.04375
0 0.665625 0.034375 0.0359375 0.0234375
1 0.978125 0.1765625 0.0390625 0.040625
1 0.94453125 0.159375 0.0375 0.0375
1 0.92890625 0.14921875 0.0390625 0.040625
1 0.90625 0.13671875 0.0328125 0.034375
=======
0 0.165625 0.06953125 0.1015625 0.1328125
0 0.32578125 0.07890625 0.11875 0.1203125
0 0.43671875 0.07578125 0.10625 0.115625
0 0.521875 0.08828125 0.0828125 0.0796875
0 0.56875 0.084375 0.0703125 0.06875
0 0.58984375 0.07734375 0.0609375 0.0671875
0 0.59765625 0.05703125 0.0578125 0.0625
0 0.58828125 0.03359375 0.05625 0.059375
0 0.6125 0.03359375 0.0375 0.04375
0 0.665625 0.034375 0.0359375 0.0234375
1 0.978125 0.1765625 0.0390625 0.040625
1 0.94453125 0.159375 0.0375 0.0375
1 0.92890625 0.14921875 0.0390625 0.040625
1 0.90625 0.13671875 0.0328125 0.034375
>>>>>>> c9556306391b7ee450ce0db69384df37c899f0a7
1 0.884375 0.11875 0.0171875 0.015625