<<<<<<< HEAD
1 0.94296875 0.2578125 0.0734375 0.07890625
1 0.99375 0.28984375 0.01171875 0.0359375
1 0.8390625 0.23828125 0.053125 0.06484375
1 0.76640625 0.225 0.05 0.0546875
1 0.72109375 0.2078125 0.04765625 0.05390625
1 0.68203125 0.18984375 0.0359375 0.0421875
1 0.69609375 0.1578125 0.0203125 0.02265625
1 0.6734375 0.19453125 0.04453125 0.0390625
1 0.70390625 0.17578125 0.028125 0.0265625
1 0.72578125 0.16640625 0.025 0.03125
1 0.66015625 0.15390625 0.02265625 0.0234375
1 0.64375 0.153125 0.0203125 0.025
1 0.6203125 0.153125 0.01328125 0.02578125
1 0.58203125 0.15 0.01875 0.0234375
1 0.546875 0.15234375 0.0234375 0.02265625
1 0.5046875 0.14375 0.01640625 0.01171875
1 0.4640625 0.14609375 0.01484375 0.0203125
1 0.42421875 0.1453125 0.0140625 0.0125
1 0.3546875 0.14296875 0.01015625 0.00546875
1 0.26953125 0.13984375 0.01875 0.0203125
1 0.1796875 0.14453125 0.0171875 0.0203125
1 0.1 0.13828125 0.0234375 0.01796875
1 0.021875 0.13984375 0.01953125 0.01875
0 0.00625 0.14453125 0.01171875 0.02890625
0 0.1203125 0.1515625 0.025 0.03515625
0 0.22734375 0.14765625 0.0234375 0.0203125
0 0.3375 0.146875 0.01796875 0.025
0 0.40703125 0.159375 0.02421875 0.02421875
0 0.39140625 0.1578125 0.02578125 0.02578125
0 0.3671875 0.16015625 0.02265625 0.025
0 0.34375 0.16328125 0.02734375 0.02734375
0 0.30078125 0.16640625 0.0328125 0.02890625
0 0.25546875 0.171875 0.03359375 0.040625
0 0.228125 0.17578125 0.0359375 0.03359375
0 0.1953125 0.184375 0.0390625 0.03359375
0 0.15625 0.18671875 0.0390625 0.03828125
0 0.1359375 0.19921875 0.0375 0.0421875
0 0.1125 0.20703125 0.04765625 0.0375
0 0.0875 0.225 0.05625 0.04296875
0 0.0546875 0.23828125 0.0625 0.065625
=======
1 0.94296875 0.2578125 0.0734375 0.07890625
1 0.99375 0.28984375 0.01171875 0.0359375
1 0.8390625 0.23828125 0.053125 0.06484375
1 0.76640625 0.225 0.05 0.0546875
1 0.72109375 0.2078125 0.04765625 0.05390625
1 0.68203125 0.18984375 0.0359375 0.0421875
1 0.69609375 0.1578125 0.0203125 0.02265625
1 0.6734375 0.19453125 0.04453125 0.0390625
1 0.70390625 0.17578125 0.028125 0.0265625
1 0.72578125 0.16640625 0.025 0.03125
1 0.66015625 0.15390625 0.02265625 0.0234375
1 0.64375 0.153125 0.0203125 0.025
1 0.6203125 0.153125 0.01328125 0.02578125
1 0.58203125 0.15 0.01875 0.0234375
1 0.546875 0.15234375 0.0234375 0.02265625
1 0.5046875 0.14375 0.01640625 0.01171875
1 0.4640625 0.14609375 0.01484375 0.0203125
1 0.42421875 0.1453125 0.0140625 0.0125
1 0.3546875 0.14296875 0.01015625 0.00546875
1 0.26953125 0.13984375 0.01875 0.0203125
1 0.1796875 0.14453125 0.0171875 0.0203125
1 0.1 0.13828125 0.0234375 0.01796875
1 0.021875 0.13984375 0.01953125 0.01875
0 0.00625 0.14453125 0.01171875 0.02890625
0 0.1203125 0.1515625 0.025 0.03515625
0 0.22734375 0.14765625 0.0234375 0.0203125
0 0.3375 0.146875 0.01796875 0.025
0 0.40703125 0.159375 0.02421875 0.02421875
0 0.39140625 0.1578125 0.02578125 0.02578125
0 0.3671875 0.16015625 0.02265625 0.025
0 0.34375 0.16328125 0.02734375 0.02734375
0 0.30078125 0.16640625 0.0328125 0.02890625
0 0.25546875 0.171875 0.03359375 0.040625
0 0.228125 0.17578125 0.0359375 0.03359375
0 0.1953125 0.184375 0.0390625 0.03359375
0 0.15625 0.18671875 0.0390625 0.03828125
0 0.1359375 0.19921875 0.0375 0.0421875
0 0.1125 0.20703125 0.04765625 0.0375
0 0.0875 0.225 0.05625 0.04296875
0 0.0546875 0.23828125 0.0625 0.065625
>>>>>>> c9556306391b7ee450ce0db69384df37c899f0a7
0 0.021875 0.27734375 0.040625 0.08359375