0 0.98046875 0.32578125 0.03828125 0.0984375
0 0.86015625 0.28125 0.0875 0.078125
0 0.73984375 0.26796875 0.0703125 0.06953125
0 0.88203125 0.20859375 0.0453125 0.04453125
1 0.9953125 0.18359375 0.009375 0.0265625
1 0.75234375 0.1796875 0.0296875 0.0296875
1 0.61640625 0.18203125 0.0265625 0.03125
1 0.5109375 0.18046875 0.0234375 0.0234375
0 0.54453125 0.228125 0.05390625 0.0375
0 0.57734375 0.21875 0.05234375 0.0546875
0 0.58828125 0.234375 0.0390625 0.04296875
0 0.6453125 0.24765625 0.0625 0.06484375
0 0.67109375 0.2078125 0.04140625 0.046875
1 0.44375 0.184375 0.03125 0.028125
1 0.37734375 0.17890625 0.0265625 0.02734375
1 0.30546875 0.18515625 0.0296875 0.03125
1 0.23828125 0.18984375 0.03203125 0.03359375
1 0.16640625 0.19140625 0.03359375 0.03515625
1 0.11484375 0.18828125 0.03359375 0.03671875
1 0.0671875 0.1984375 0.04140625 0.034375
1 0.0125 0.21171875 0.025 0.04375