0 0.128125 0.05234375 0.05625 0.0546875
0 0.175 0.0390625 0.0625 0.059375
0 0.21015625 0.02578125 0.0515625 0.0453125
0 0.24140625 0.021875 0.0421875 0.04375
0 0.25859375 0.02421875 0.0265625 0.0265625
0 0.27421875 0.0203125 0.028125 0.0328125
0 0.29765625 0.0203125 0.025 0.0234375
0 0.321875 0.02734375 0.0265625 0.028125
0 0.37265625 0.04296875 0.0296875 0.0265625
0 0.42578125 0.05703125 0.025 0.0296875
0 0.4578125 0.0671875 0.0296875 0.0296875
0 0.5046875 0.090625 0.0265625 0.0265625
0 0.553125 0.0984375 0.03125 0.0296875
0 0.6046875 0.11953125 0.025 0.025
0 0.65390625 0.1359375 0.0296875 0.03125
0 0.70625 0.1515625 0.0265625 0.0265625
0 0.75703125 0.16640625 0.028125 0.03125
0 0.80234375 0.18203125 0.028125 0.028125
0 0.84921875 0.196875 0.0234375 0.028125
0 0.88671875 0.21015625 0.0234375 0.0234375
0 0.92890625 0.21796875 0.021875 0.0234375
0 0.98359375 0.234375 0.021875 0.0171875
1 0.996875 0.228125 0.00625 0.021875
1 0.9765625 0.221875 0.01875 0.0171875
1 0.9484375 0.2109375 0.01875 0.0203125
1 0.909375 0.20078125 0.0234375 0.0203125
1 0.878125 0.1921875 0.015625 0.01875
1 0.82265625 0.17734375 0.01875 0.021875
1 0.78984375 0.16484375 0.0234375 0.0265625
1 0.7515625 0.14921875 0.0203125 0.0203125
1 0.71796875 0.1421875 0.028125 0.028125
1 0.675 0.1328125 0.0265625 0.03125
1 0.634375 0.11796875 0.025 0.0234375
1 0.59765625 0.1015625 0.0171875 0.0140625
1 0.51953125 0.078125 0.021875 0.0234375
1 0.5515625 0.0859375 0.021875 0.0171875
1 0.48203125 0.0640625 0.021875 0.021875
1 0.4453125 0.0546875 0.021875 0.0203125
1 0.4 0.04140625 0.025 0.0265625
1 0.3640625 0.03125 0.0234375 0.0265625
1 0.2796875 0.00625 0.021875 0.0125
1 0.2484375 0.00625 0.025 0.0125
1 0.215625 0.00703125 0.025 0.0140625
1 0.31953125 0.01484375 0.0234375 0.025