1 0.96015625 0.31875 0.0796875 0.0890625
1 0.7828125 0.14296875 0.01875 0.02578125
1 0.825 0.24453125 0.06875 0.065625
1 0.74609375 0.2078125 0.05234375 0.0609375
1 0.696875 0.19453125 0.0359375 0.0421875
1 0.65625 0.18359375 0.034375 0.034375
1 0.63203125 0.1703125 0.03046875 0.03203125
1 0.6140625 0.16328125 0.0265625 0.0265625
1 0.59921875 0.15859375 0.02578125 0.025
1 0.58984375 0.15390625 0.02578125 0.02109375
1 0.5734375 0.1453125 0.01875 0.021875
1 0.55390625 0.1390625 0.0140625 0.01875
0 0.353125 0.12890625 0.02421875 0.01484375
0 0.3390625 0.13359375 0.015625 0.0203125
0 0.3265625 0.13203125 0.01796875 0.02578125
0 0.31640625 0.13515625 0.01953125 0.01953125
0 0.30078125 0.13984375 0.02265625 0.01953125
0 0.28203125 0.14296875 0.02734375 0.025
0 0.26015625 0.15078125 0.02578125 0.0328125
0 0.2390625 0.1578125 0.02890625 0.0265625
0 0.19375 0.17578125 0.03828125 0.0328125
0 0.1390625 0.18671875 0.04921875 0.04375
0 0.0515625 0.2203125 0.06796875 0.05390625