<<<<<<< HEAD
1 0.0671875 0.16875 0.0609375 0.0828125
1 0.14140625 0.1546875 0.0640625 0.065625
1 0.215625 0.14765625 0.0703125 0.0734375
1 0.2796875 0.14765625 0.053125 0.059375
1 0.33046875 0.15078125 0.0578125 0.0578125
1 0.39453125 0.1484375 0.040625 0.0453125
1 0.446875 0.1484375 0.0359375 0.0421875
1 0.4703125 0.1484375 0.0421875 0.0375
1 0.51015625 0.1484375 0.0359375 0.0421875
1 0.54140625 0.13984375 0.03125 0.0328125
1 0.5640625 0.14296875 0.0328125 0.0296875
1 0.584375 0.13984375 0.0328125 0.03125
1 0.5578125 0.12265625 0.03125 0.0265625
1 0.58203125 0.1234375 0.028125 0.0265625
1 0.6078125 0.1296875 0.0171875 0.0203125
1 0.6265625 0.1328125 0.0171875 0.021875
1 0.6546875 0.13359375 0.015625 0.015625
1 0.68359375 0.13984375 0.0125 0.0109375
1 0.71796875 0.14140625 0.0171875 0.0171875
1 0.75 0.1453125 0.021875 0.0203125
1 0.91796875 0.16015625 0.0125 0.0171875
1 0.99296875 0.171875 0.0140625 0.021875
0 0.93515625 0.165625 0.01875 0.01875
0 0.790625 0.15078125 0.0265625 0.0171875
0 0.80234375 0.15546875 0.0171875 0.015625
0 0.81328125 0.159375 0.0203125 0.021875
0 0.8328125 0.16171875 0.025 0.021875
0 0.853125 0.1640625 0.0265625 0.0234375
0 0.878125 0.171875 0.01875 0.0234375
0 0.89765625 0.17890625 0.0234375 0.025
0 0.92578125 0.18828125 0.0390625 0.0359375
0 0.9015625 0.21015625 0.0390625 0.0359375
0 0.8984375 0.23671875 0.05625 0.05
0 0.91640625 0.25703125 0.059375 0.0578125
=======
1 0.0671875 0.16875 0.0609375 0.0828125
1 0.14140625 0.1546875 0.0640625 0.065625
1 0.215625 0.14765625 0.0703125 0.0734375
1 0.2796875 0.14765625 0.053125 0.059375
1 0.33046875 0.15078125 0.0578125 0.0578125
1 0.39453125 0.1484375 0.040625 0.0453125
1 0.446875 0.1484375 0.0359375 0.0421875
1 0.4703125 0.1484375 0.0421875 0.0375
1 0.51015625 0.1484375 0.0359375 0.0421875
1 0.54140625 0.13984375 0.03125 0.0328125
1 0.5640625 0.14296875 0.0328125 0.0296875
1 0.584375 0.13984375 0.0328125 0.03125
1 0.5578125 0.12265625 0.03125 0.0265625
1 0.58203125 0.1234375 0.028125 0.0265625
1 0.6078125 0.1296875 0.0171875 0.0203125
1 0.6265625 0.1328125 0.0171875 0.021875
1 0.6546875 0.13359375 0.015625 0.015625
1 0.68359375 0.13984375 0.0125 0.0109375
1 0.71796875 0.14140625 0.0171875 0.0171875
1 0.75 0.1453125 0.021875 0.0203125
1 0.91796875 0.16015625 0.0125 0.0171875
1 0.99296875 0.171875 0.0140625 0.021875
0 0.93515625 0.165625 0.01875 0.01875
0 0.790625 0.15078125 0.0265625 0.0171875
0 0.80234375 0.15546875 0.0171875 0.015625
0 0.81328125 0.159375 0.0203125 0.021875
0 0.8328125 0.16171875 0.025 0.021875
0 0.853125 0.1640625 0.0265625 0.0234375
0 0.878125 0.171875 0.01875 0.0234375
0 0.89765625 0.17890625 0.0234375 0.025
0 0.92578125 0.18828125 0.0390625 0.0359375
0 0.9015625 0.21015625 0.0390625 0.0359375
0 0.8984375 0.23671875 0.05625 0.05
0 0.91640625 0.25703125 0.059375 0.0578125
>>>>>>> c9556306391b7ee450ce0db69384df37c899f0a7
0 0.959375 0.284375 0.08125 0.078125