1 0.971875 0.4015625 0.05625 0.0625
1 0.934375 0.36796875 0.05 0.046875
1 0.9078125 0.34296875 0.0375 0.034375
1 0.89609375 0.325 0.034375 0.0359375
1 0.8828125 0.3109375 0.03125 0.034375
1 0.87265625 0.3015625 0.0234375 0.0234375
1 0.86953125 0.2921875 0.028125 0.0265625
1 0.85546875 0.2828125 0.0203125 0.021875
1 0.84296875 0.2703125 0.021875 0.021875
0 0.66640625 0.1828125 0.0171875 0.0203125
0 0.6515625 0.18046875 0.021875 0.021875
0 0.64296875 0.17890625 0.025 0.0265625
0 0.63046875 0.1765625 0.0265625 0.0265625
0 0.61640625 0.17421875 0.0265625 0.0265625
0 0.6015625 0.17109375 0.0296875 0.0296875
0 0.58359375 0.16953125 0.0328125 0.034375
0 0.56328125 0.17109375 0.0359375 0.034375
0 0.52265625 0.16484375 0.0453125 0.04375
0 0.47578125 0.159375 0.0546875 0.0546875
0 0.39765625 0.15234375 0.06875 0.0625
0 0.27890625 0.12109375 0.090625 0.084375