<<<<<<< HEAD
0 0.803125 0.15859375 0.1484375 0.19375
0 0.5875 0.128125 0.12421875 0.16328125
0 0.459375 0.09609375 0.10234375 0.13203125
0 0.2671875 0.08046875 0.08203125 0.10859375
0 0.1625 0.078125 0.08046875 0.09609375
0 0.0359375 0.07109375 0.071875 0.0890625
0 0.10703125 0.0328125 0.0484375 0.06484375
1 0.034375 0.00859375 0.02421875 0.0171875
0 0.1484375 0.02734375 0.040625 0.0546875
0 0.18671875 0.02734375 0.0375 0.0546875
=======
0 0.803125 0.15859375 0.1484375 0.19375
0 0.5875 0.128125 0.12421875 0.16328125
0 0.459375 0.09609375 0.10234375 0.13203125
0 0.2671875 0.08046875 0.08203125 0.10859375
0 0.1625 0.078125 0.08046875 0.09609375
0 0.0359375 0.07109375 0.071875 0.0890625
0 0.10703125 0.0328125 0.0484375 0.06484375
1 0.034375 0.00859375 0.02421875 0.0171875
0 0.1484375 0.02734375 0.040625 0.0546875
0 0.18671875 0.02734375 0.0375 0.0546875
>>>>>>> c9556306391b7ee450ce0db69384df37c899f0a7
0 0.22265625 0.021875 0.04453125 0.04375