<<<<<<< HEAD
1 0.959375 0.2390625 0.06484375 0.05546875
1 0.88828125 0.2109375 0.04609375 0.046875
1 0.83828125 0.196875 0.0390625 0.03359375
1 0.803125 0.18515625 0.03125 0.0234375
1 0.9546875 0.1484375 0.015625 0.01953125
1 0.78515625 0.17421875 0.02578125 0.02734375
1 0.7671875 0.16640625 0.02109375 0.02734375
1 0.75390625 0.1625 0.01796875 0.01796875
1 0.746875 0.15546875 0.021875 0.01953125
1 0.73046875 0.153125 0.01484375 0.0171875
1 0.7140625 0.146875 0.01640625 0.01640625
0 0.5171875 0.1421875 0.01171875 0.01640625
0 0.50234375 0.14609375 0.015625 0.0171875
0 0.49375 0.1484375 0.01796875 0.02109375
0 0.48125 0.1515625 0.02109375 0.01875
0 0.46796875 0.15546875 0.02109375 0.01875
0 0.453125 0.15859375 0.02265625 0.021875
0 0.4359375 0.165625 0.02421875 0.02578125
0 0.41796875 0.175 0.028125 0.025
0 0.37890625 0.18671875 0.0359375 0.03125
0 0.334375 0.2015625 0.04140625 0.040625
0 0.26015625 0.228125 0.05546875 0.04296875
=======
1 0.959375 0.2390625 0.06484375 0.05546875
1 0.88828125 0.2109375 0.04609375 0.046875
1 0.83828125 0.196875 0.0390625 0.03359375
1 0.803125 0.18515625 0.03125 0.0234375
1 0.9546875 0.1484375 0.015625 0.01953125
1 0.78515625 0.17421875 0.02578125 0.02734375
1 0.7671875 0.16640625 0.02109375 0.02734375
1 0.75390625 0.1625 0.01796875 0.01796875
1 0.746875 0.15546875 0.021875 0.01953125
1 0.73046875 0.153125 0.01484375 0.0171875
1 0.7140625 0.146875 0.01640625 0.01640625
0 0.5171875 0.1421875 0.01171875 0.01640625
0 0.50234375 0.14609375 0.015625 0.0171875
0 0.49375 0.1484375 0.01796875 0.02109375
0 0.48125 0.1515625 0.02109375 0.01875
0 0.46796875 0.15546875 0.02109375 0.01875
0 0.453125 0.15859375 0.02265625 0.021875
0 0.4359375 0.165625 0.02421875 0.02578125
0 0.41796875 0.175 0.028125 0.025
0 0.37890625 0.18671875 0.0359375 0.03125
0 0.334375 0.2015625 0.04140625 0.040625
0 0.26015625 0.228125 0.05546875 0.04296875
>>>>>>> c9556306391b7ee450ce0db69384df37c899f0a7
0 0.13984375 0.25 0.071875 0.059375