0 0.025 0.1640625 0.04609375 0.04375
0 0.0671875 0.1390625 0.0515625 0.04765625
0 0.09765625 0.1171875 0.04375 0.0359375
0 0.12578125 0.10390625 0.0328125 0.03984375
0 0.14375 0.103125 0.021875 0.021875
0 0.1578125 0.0953125 0.02109375 0.02890625
0 0.18046875 0.0890625 0.0203125 0.01875
0 0.20546875 0.08984375 0.021875 0.02265625
0 0.25859375 0.09140625 0.02578125 0.02109375
0 0.3140625 0.09140625 0.01953125 0.025
0 0.34765625 0.09296875 0.02421875 0.0234375
0 0.3984375 0.103125 0.02109375 0.02109375
0 0.44765625 0.0984375 0.0265625 0.02421875
0 0.50234375 0.10546875 0.0203125 0.02109375
0 0.5546875 0.10859375 0.02421875 0.0265625
0 0.609375 0.11015625 0.02109375 0.02109375
0 0.66171875 0.1109375 0.021875 0.02578125
0 0.71015625 0.11484375 0.0234375 0.0234375
0 0.75859375 0.1171875 0.01875 0.0234375
0 0.7984375 0.1203125 0.01953125 0.01953125
0 0.84140625 0.11640625 0.0171875 0.0203125
0 0.8984375 0.11796875 0.01875 0.0125
0 0.93828125 0.11953125 0.01796875 0.02421875
0 0.971875 0.12109375 0.0234375 0.02578125
1 0.95703125 0.11015625 0.0125 0.0171875
1 0.9171875 0.1078125 0.015625 0.01875
1 0.88828125 0.1078125 0.01640625 0.01328125
1 0.85859375 0.1046875 0.0140625 0.0171875
1 0.81796875 0.1046875 0.01953125 0.015625
1 0.7859375 0.1046875 0.01171875 0.01640625
1 0.728125 0.1046875 0.0140625 0.01875
1 0.69296875 0.1015625 0.01875 0.021875
1 0.65234375 0.09609375 0.0171875 0.01640625
1 0.61796875 0.09765625 0.0234375 0.02265625
1 0.57421875 0.1 0.02109375 0.0265625
1 0.53125 0.09609375 0.02109375 0.01875
1 0.49140625 0.08984375 0.01484375 0.0109375
1 0.409375 0.0875 0.0171875 0.01953125
1 0.44296875 0.08671875 0.01875 0.0125
1 0.36953125 0.08359375 0.01796875 0.0171875
1 0.33203125 0.08359375 0.01875 0.015625
1 0.284375 0.0828125 0.01953125 0.021875
1 0.24765625 0.08203125 0.01796875 0.0234375
1 0.15859375 0.075 0.0171875 0.0203125
1 0.1265625 0.07421875 0.02109375 0.01953125
1 0.09140625 0.07421875 0.01953125 0.0234375
1 0.2 0.078125 0.01953125 0.0203125