<<<<<<< HEAD
1 0.159375 0.1390625 0.0515625 0.0421875
1 0.30859375 0.13125 0.0453125 0.03671875
1 0.4046875 0.1203125 0.034375 0.034375
1 0.46328125 0.121875 0.03359375 0.03359375
1 0.515625 0.12265625 0.02890625 0.03671875
1 0.5796875 0.12109375 0.034375 0.034375
1 0.64609375 0.11875 0.03203125 0.040625
1 0.71015625 0.1234375 0.02890625 0.03046875
1 0.75859375 0.125 0.03203125 0.02734375
1 0.8234375 0.1265625 0.03046875 0.0265625
1 0.89296875 0.13046875 0.0296875 0.03125
1 0.96875 0.1375 0.0359375 0.03125
0 0.953125 0.16953125 0.04453125 0.03984375
0 0.846875 0.16484375 0.04453125 0.0421875
0 0.78359375 0.1609375 0.04765625 0.04609375
0 0.6765625 0.18203125 0.0609375 0.05390625
0 0.56328125 0.21484375 0.0734375 0.07890625
=======
1 0.159375 0.1390625 0.0515625 0.0421875
1 0.30859375 0.13125 0.0453125 0.03671875
1 0.4046875 0.1203125 0.034375 0.034375
1 0.46328125 0.121875 0.03359375 0.03359375
1 0.515625 0.12265625 0.02890625 0.03671875
1 0.5796875 0.12109375 0.034375 0.034375
1 0.64609375 0.11875 0.03203125 0.040625
1 0.71015625 0.1234375 0.02890625 0.03046875
1 0.75859375 0.125 0.03203125 0.02734375
1 0.8234375 0.1265625 0.03046875 0.0265625
1 0.89296875 0.13046875 0.0296875 0.03125
1 0.96875 0.1375 0.0359375 0.03125
0 0.953125 0.16953125 0.04453125 0.03984375
0 0.846875 0.16484375 0.04453125 0.0421875
0 0.78359375 0.1609375 0.04765625 0.04609375
0 0.6765625 0.18203125 0.0609375 0.05390625
0 0.56328125 0.21484375 0.0734375 0.07890625
>>>>>>> c9556306391b7ee450ce0db69384df37c899f0a7
0 0.32734375 0.27734375 0.11328125 0.12265625