1 0.990625 0.51171875 0.01875 0.0359375
1 0.88671875 0.45234375 0.03125 0.0328125
1 0.78046875 0.38671875 0.0328125 0.034375
1 0.67421875 0.32890625 0.0375 0.0359375
1 0.55625 0.26953125 0.04375 0.040625
1 0.43125 0.19765625 0.0359375 0.034375
1 0.32734375 0.13828125 0.04375 0.0421875
1 0.21328125 0.08203125 0.0453125 0.04375
0 0.2546875 0.1296875 0.0671875 0.065625
0 0.4390625 0.23203125 0.059375 0.05625
0 0.61015625 0.3234375 0.0546875 0.0546875
0 0.76796875 0.42578125 0.0546875 0.0546875
0 0.90859375 0.4890625 0.0546875 0.0546875