0 0.01953125 0.2265625 0.03203125 0.02578125
0 0.11953125 0.21953125 0.034375 0.02421875
0 0.19765625 0.22421875 0.034375 0.025
0 0.27109375 0.2171875 0.03359375 0.0234375
0 0.353125 0.21875 0.0375 0.0296875
0 0.43515625 0.20546875 0.03203125 0.0265625
0 0.515625 0.2078125 0.034375 0.02890625
0 0.5921875 0.2 0.02578125 0.02265625
0 0.66953125 0.19375 0.028125 0.02890625
0 0.7375 0.18671875 0.034375 0.0328125
0 0.796875 0.18671875 0.03359375 0.028125
0 0.8546875 0.178125 0.034375 0.0265625
0 0.8953125 0.1765625 0.03046875 0.034375
0 0.965625 0.1734375 0.03046875 0.02578125
1 0.965625 0.15 0.02734375 0.01875
1 0.91015625 0.15703125 0.0234375 0.028125
1 0.8578125 0.15546875 0.0234375 0.015625
1 0.8109375 0.1609375 0.021875 0.02578125
1 0.7625 0.1578125 0.01953125 0.02421875
1 0.71953125 0.1671875 0.0203125 0.025
1 0.66953125 0.1703125 0.01875 0.0125
1 0.625 0.175 0.01953125 0.0203125
1 0.57421875 0.18125 0.02265625 0.02578125
1 0.52890625 0.178125 0.02265625 0.021875
1 0.4640625 0.1890625 0.02109375 0.02421875
1 0.40625 0.18984375 0.021875 0.01953125
1 0.35 0.1890625 0.02890625 0.02578125
1 0.290625 0.19375 0.02578125 0.02734375
1 0.2390625 0.19453125 0.02578125 0.021875
1 0.18671875 0.19921875 0.0265625 0.02421875
1 0.14609375 0.19921875 0.02578125 0.021875
1 0.08671875 0.20390625 0.0265625 0.02578125
1 0.03203125 0.20390625 0.02578125 0.02421875