0 0.8375 0.26484375 0.2703125 0.290625
0 0.63046875 0.403125 0.3046875 0.3375
0 0.45 0.3796875 0.2140625 0.23125
0 0.6234375 0.3359375 0.271875 0.3125
0 0.01875 0.39921875 0.0375 0.0828125
0 0.0203125 0.34609375 0.040625 0.0546875
0 0.03984375 0.31328125 0.0359375 0.0421875
0 0.0203125 0.31796875 0.040625 0.0484375
0 0.04609375 0.2765625 0.021875 0.0265625
0 0.03125 0.2921875 0.0203125 0.0265625
0 0.009375 0.31796875 0.01875 0.0453125
0 0.0390625 0.28515625 0.025 0.03125
1 0.00625 0.34296875 0.0125 0.0296875
1 0.00703125 0.35078125 0.0140625 0.0328125
1 0.00625 0.365625 0.0125 0.040625