1 0.0828125 0.24140625 0.0578125 0.05390625
1 0.1640625 0.22109375 0.03984375 0.034375
1 0.1359375 0.1609375 0.015625 0.0203125
1 0.2234375 0.20625 0.03125 0.025
1 0.25703125 0.19375 0.03125 0.02734375
1 0.28515625 0.18671875 0.02421875 0.0234375
1 0.30859375 0.1796875 0.02265625 0.02421875
1 0.3296875 0.1765625 0.0171875 0.01484375
1 0.34296875 0.171875 0.01171875 0.01796875
1 0.3578125 0.165625 0.015625 0.0140625
1 0.37265625 0.165625 0.0171875 0.01640625
0 0.58125 0.16328125 0.01796875 0.01328125
0 0.5921875 0.16484375 0.0125 0.01640625
0 0.60234375 0.16640625 0.01796875 0.0171875
0 0.6125 0.17578125 0.02109375 0.0171875
0 0.62421875 0.178125 0.021875 0.01953125
0 0.6390625 0.184375 0.02578125 0.02421875
0 0.64921875 0.19375 0.03203125 0.028125
0 0.67265625 0.19765625 0.03671875 0.03359375
0 0.69921875 0.2203125 0.040625 0.0375
0 0.75234375 0.23984375 0.0546875 0.0453125
0 0.83046875 0.2828125 0.07734375 0.053125
0 0.9671875 0.340625 0.065625 0.09375