0 0.94765625 0.31640625 0.0546875 0.0546875
0 0.99375 0.46796875 0.0125 0.0890625
0 0.91171875 0.3921875 0.1140625 0.121875
0 0.79609375 0.33984375 0.08125 0.0828125
0 0.71015625 0.296875 0.0765625 0.078125
0 0.7390625 0.26171875 0.0546875 0.05625
0 0.6546875 0.26875 0.0734375 0.078125
0 0.61171875 0.24921875 0.0546875 0.0578125
0 0.64921875 0.24765625 0.0578125 0.0671875
1 0.83125 0.2578125 0.040625 0.040625
1 0.69140625 0.22578125 0.0296875 0.025
1 0.58828125 0.1953125 0.0359375 0.0359375
1 0.52734375 0.17421875 0.0375 0.040625
1 0.46015625 0.1609375 0.040625 0.04375
1 0.38984375 0.14453125 0.04375 0.0390625
1 0.32265625 0.12890625 0.0421875 0.040625
1 0.253125 0.11796875 0.0421875 0.0359375
1 0.2109375 0.10859375 0.04375 0.0484375
1 0.16015625 0.0953125 0.0421875 0.04375
1 0.10234375 0.0875 0.0265625 0.040625