1 0.984375 0.146875 0.0171875 0.02578125
1 0.72421875 0.15234375 0.01328125 0.021875
1 0.74375 0.15390625 0.028125 0.025
1 0.7609375 0.1625 0.021875 0.021875
1 0.7796875 0.17421875 0.0265625 0.0328125
1 0.8109375 0.17890625 0.0359375 0.028125
1 0.84921875 0.190625 0.040625 0.0390625
1 0.89375 0.21171875 0.04453125 0.0359375
1 0.97578125 0.24296875 0.04765625 0.059375
0 0.478125 0.1484375 0.0203125 0.01875
0 0.459375 0.1484375 0.0203125 0.01640625
0 0.4484375 0.1546875 0.0203125 0.0234375
0 0.43515625 0.1578125 0.0234375 0.02421875
0 0.4140625 0.16640625 0.02734375 0.0234375
0 0.39140625 0.17421875 0.02734375 0.03515625
0 0.36328125 0.18671875 0.0375 0.03984375
0 0.321875 0.1984375 0.05078125 0.05078125
0 0.24609375 0.23046875 0.0546875 0.04765625
0 0.1328125 0.26953125 0.08515625 0.0765625