<<<<<<< HEAD
0 0.0203125 0.2109375 0.028125 0.0265625
0 0.00859375 0.25703125 0.0171875 0.0453125
0 0.01953125 0.25390625 0.0390625 0.0359375
0 0.0546875 0.240625 0.0328125 0.0375
0 0.08515625 0.22890625 0.0375 0.0390625
0 0.121875 0.21640625 0.03125 0.034375
0 0.15703125 0.21171875 0.03125 0.0296875
0 0.1890625 0.20234375 0.021875 0.034375
0 0.20234375 0.2 0.0359375 0.0375
0 0.22734375 0.2015625 0.025 0.0296875
1 0.0546875 0.20390625 0.025 0.028125
1 0.2625 0.17890625 0.0203125 0.0234375
1 0.30625 0.17109375 0.01875 0.01875
1 0.3515625 0.1703125 0.021875 0.025
1 0.38984375 0.1609375 0.021875 0.021875
1 0.4296875 0.15859375 0.021875 0.0265625
1 0.453125 0.15703125 0.0234375 0.0296875
1 0.47734375 0.1578125 0.025 0.03125
1 0.515625 0.1546875 0.034375 0.0421875
1 0.528125 0.18125 0.05 0.053125
1 0.55 0.1953125 0.04375 0.05
1 0.58828125 0.1984375 0.0453125 0.053125
1 0.65625 0.20078125 0.059375 0.0609375
1 0.72890625 0.20390625 0.0671875 0.0609375
1 0.84296875 0.21640625 0.0703125 0.071875
=======
0 0.0203125 0.2109375 0.028125 0.0265625
0 0.00859375 0.25703125 0.0171875 0.0453125
0 0.01953125 0.25390625 0.0390625 0.0359375
0 0.0546875 0.240625 0.0328125 0.0375
0 0.08515625 0.22890625 0.0375 0.0390625
0 0.121875 0.21640625 0.03125 0.034375
0 0.15703125 0.21171875 0.03125 0.0296875
0 0.1890625 0.20234375 0.021875 0.034375
0 0.20234375 0.2 0.0359375 0.0375
0 0.22734375 0.2015625 0.025 0.0296875
1 0.0546875 0.20390625 0.025 0.028125
1 0.2625 0.17890625 0.0203125 0.0234375
1 0.30625 0.17109375 0.01875 0.01875
1 0.3515625 0.1703125 0.021875 0.025
1 0.38984375 0.1609375 0.021875 0.021875
1 0.4296875 0.15859375 0.021875 0.0265625
1 0.453125 0.15703125 0.0234375 0.0296875
1 0.47734375 0.1578125 0.025 0.03125
1 0.515625 0.1546875 0.034375 0.0421875
1 0.528125 0.18125 0.05 0.053125
1 0.55 0.1953125 0.04375 0.05
1 0.58828125 0.1984375 0.0453125 0.053125
1 0.65625 0.20078125 0.059375 0.0609375
1 0.72890625 0.20390625 0.0671875 0.0609375
1 0.84296875 0.21640625 0.0703125 0.071875
>>>>>>> c9556306391b7ee450ce0db69384df37c899f0a7
1 0.93828125 0.21171875 0.0765625 0.0859375