<<<<<<< HEAD
1 0.1609375 0.20625 0.05625 0.0453125
1 0.35 0.190625 0.046875 0.0484375
1 0.48984375 0.18125 0.040625 0.028125
1 0.57265625 0.16953125 0.0453125 0.0453125
1 0.63671875 0.16796875 0.03828125 0.0421875
1 0.69140625 0.1671875 0.03359375 0.03125
1 0.76015625 0.1671875 0.040625 0.0328125
1 0.81953125 0.1671875 0.0265625 0.03125
1 0.8890625 0.16328125 0.03828125 0.03828125
1 0.93984375 0.165625 0.0296875 0.03125
1 0.99140625 0.16484375 0.0171875 0.021875
0 0.07578125 0.5171875 0.1515625 0.20703125
0 0.55859375 0.3296875 0.11328125 0.11875
0 0.76796875 0.2765625 0.0765625 0.08046875
0 0.88203125 0.228125 0.06484375 0.06640625
=======
1 0.1609375 0.20625 0.05625 0.0453125
1 0.35 0.190625 0.046875 0.0484375
1 0.48984375 0.18125 0.040625 0.028125
1 0.57265625 0.16953125 0.0453125 0.0453125
1 0.63671875 0.16796875 0.03828125 0.0421875
1 0.69140625 0.1671875 0.03359375 0.03125
1 0.76015625 0.1671875 0.040625 0.0328125
1 0.81953125 0.1671875 0.0265625 0.03125
1 0.8890625 0.16328125 0.03828125 0.03828125
1 0.93984375 0.165625 0.0296875 0.03125
1 0.99140625 0.16484375 0.0171875 0.021875
0 0.07578125 0.5171875 0.1515625 0.20703125
0 0.55859375 0.3296875 0.11328125 0.11875
0 0.76796875 0.2765625 0.0765625 0.08046875
0 0.88203125 0.228125 0.06484375 0.06640625
>>>>>>> c9556306391b7ee450ce0db69384df37c899f0a7
0 0.9703125 0.2078125 0.059375 0.053125