<<<<<<< HEAD
1 0.446875 0.1109375 0.0125 0.015625
1 0.4734375 0.121875 0.0125 0.0140625
1 0.5828125 0.171875 0.0125 0.015625
1 0.76953125 0.25703125 0.01875 0.0234375
1 0.8296875 0.28671875 0.0140625 0.0171875
1 0.90703125 0.32109375 0.01875 0.021875
1 0.95625 0.34296875 0.021875 0.021875
0 0.37109375 0.07734375 0.0171875 0.0171875
0 0.40390625 0.09609375 0.0171875 0.01875
0 0.43984375 0.11015625 0.0140625 0.0171875
0 0.46328125 0.11953125 0.0140625 0.015625
0 0.48984375 0.13359375 0.015625 0.0171875
0 0.50859375 0.13984375 0.0109375 0.0140625
0 0.53984375 0.15703125 0.015625 0.015625
0 0.57421875 0.171875 0.015625 0.0171875
0 0.60859375 0.1859375 0.01875 0.021875
0 0.65078125 0.2046875 0.0203125 0.0203125
0 0.71640625 0.2390625 0.0203125 0.0203125
0 0.78203125 0.26640625 0.015625 0.0171875
0 0.86484375 0.30703125 0.025 0.0265625
0 0.9359375 0.33828125 0.0203125 0.0234375
0 0.9953125 0.39140625 0.009375 0.0359375
0 0.97890625 0.3859375 0.0421875 0.040625
0 0.9796875 0.41171875 0.040625 0.0484375
0 0.865625 0.3703125 0.05625 0.0640625
0 0.98984375 0.42265625 0.0203125 0.0609375
0 0.77578125 0.33515625 0.059375 0.065625
0 0.67421875 0.29453125 0.0609375 0.071875
0 0.62890625 0.275 0.0578125 0.0640625
0 0.6 0.27890625 0.0578125 0.06875
0 0.54609375 0.27109375 0.071875 0.0859375
0 0.46796875 0.25859375 0.0890625 0.096875
=======
1 0.446875 0.1109375 0.0125 0.015625
1 0.4734375 0.121875 0.0125 0.0140625
1 0.5828125 0.171875 0.0125 0.015625
1 0.76953125 0.25703125 0.01875 0.0234375
1 0.8296875 0.28671875 0.0140625 0.0171875
1 0.90703125 0.32109375 0.01875 0.021875
1 0.95625 0.34296875 0.021875 0.021875
0 0.37109375 0.07734375 0.0171875 0.0171875
0 0.40390625 0.09609375 0.0171875 0.01875
0 0.43984375 0.11015625 0.0140625 0.0171875
0 0.46328125 0.11953125 0.0140625 0.015625
0 0.48984375 0.13359375 0.015625 0.0171875
0 0.50859375 0.13984375 0.0109375 0.0140625
0 0.53984375 0.15703125 0.015625 0.015625
0 0.57421875 0.171875 0.015625 0.0171875
0 0.60859375 0.1859375 0.01875 0.021875
0 0.65078125 0.2046875 0.0203125 0.0203125
0 0.71640625 0.2390625 0.0203125 0.0203125
0 0.78203125 0.26640625 0.015625 0.0171875
0 0.86484375 0.30703125 0.025 0.0265625
0 0.9359375 0.33828125 0.0203125 0.0234375
0 0.9953125 0.39140625 0.009375 0.0359375
0 0.97890625 0.3859375 0.0421875 0.040625
0 0.9796875 0.41171875 0.040625 0.0484375
0 0.865625 0.3703125 0.05625 0.0640625
0 0.98984375 0.42265625 0.0203125 0.0609375
0 0.77578125 0.33515625 0.059375 0.065625
0 0.67421875 0.29453125 0.0609375 0.071875
0 0.62890625 0.275 0.0578125 0.0640625
0 0.6 0.27890625 0.0578125 0.06875
0 0.54609375 0.27109375 0.071875 0.0859375
0 0.46796875 0.25859375 0.0890625 0.096875
>>>>>>> c9556306391b7ee450ce0db69384df37c899f0a7
0 0.3828125 0.25234375 0.1109375 0.121875