0 0.50625 0.36328125 0.15625 0.196875
0 0.33984375 0.446875 0.2140625 0.2671875
0 0.34296875 0.38203125 0.2 0.23125
0 0.103125 0.40234375 0.20625 0.2671875
0 0.965625 0.21328125 0.0578125 0.0734375
0 0.9 0.1828125 0.04375 0.0515625
0 0.8609375 0.159375 0.0265625 0.0375
0 0.88203125 0.1546875 0.0296875 0.0484375
0 0.89453125 0.16015625 0.028125 0.04375
0 0.9078125 0.15 0.0203125 0.0296875
0 0.84453125 0.128125 0.0140625 0.0234375
0 0.859375 0.1390625 0.0203125 0.034375
1 0.996875 0.13515625 0.00625 0.0140625