<<<<<<< HEAD
1 0.83203125 0.04609375 0.0640625 0.0640625
1 0.7015625 0.08359375 0.04375 0.0421875
0 0.82421875 0.1109375 0.0828125 0.075
0 0.84765625 0.07890625 0.0640625 0.0671875
1 0.61875 0.11875 0.04375 0.04375
1 0.5421875 0.14609375 0.0484375 0.0453125
1 0.4703125 0.1828125 0.04375 0.04375
1 0.3984375 0.215625 0.046875 0.0421875
1 0.33125 0.246875 0.053125 0.05
1 0.2875 0.2671875 0.05 0.0546875
1 0.23671875 0.2921875 0.053125 0.0578125
1 0.16796875 0.33203125 0.059375 0.0640625
1 0.09296875 0.37890625 0.0546875 0.059375
1 0.0609375 0.403125 0.071875 0.078125
1 0.028125 0.4515625 0.05625 0.1
=======
1 0.83203125 0.04609375 0.0640625 0.0640625
1 0.7015625 0.08359375 0.04375 0.0421875
0 0.82421875 0.1109375 0.0828125 0.075
0 0.84765625 0.07890625 0.0640625 0.0671875
1 0.61875 0.11875 0.04375 0.04375
1 0.5421875 0.14609375 0.0484375 0.0453125
1 0.4703125 0.1828125 0.04375 0.04375
1 0.3984375 0.215625 0.046875 0.0421875
1 0.33125 0.246875 0.053125 0.05
1 0.2875 0.2671875 0.05 0.0546875
1 0.23671875 0.2921875 0.053125 0.0578125
1 0.16796875 0.33203125 0.059375 0.0640625
1 0.09296875 0.37890625 0.0546875 0.059375
1 0.0609375 0.403125 0.071875 0.078125
1 0.028125 0.4515625 0.05625 0.1
>>>>>>> c9556306391b7ee450ce0db69384df37c899f0a7
1 0.01171875 0.49296875 0.0234375 0.0765625