0 0.89609375 0.64921875 0.2078125 0.2546875
0 0.49375 0.328125 0.146875 0.159375
0 0.3140625 0.21015625 0.1046875 0.103125
0 0.21328125 0.1296875 0.0796875 0.0765625
0 0.134375 0.0859375 0.0625 0.0734375
1 0.12578125 0.0375 0.021875 0.034375
1 0.1765625 0.053125 0.040625 0.0421875
1 0.225 0.0640625 0.04375 0.0421875
1 0.2921875 0.084375 0.034375 0.0375
1 0.35546875 0.10234375 0.0375 0.0390625
1 0.41328125 0.11875 0.0421875 0.046875
1 0.465625 0.1390625 0.0390625 0.05
1 0.5265625 0.1609375 0.0453125 0.0453125
1 0.60859375 0.19375 0.04375 0.0421875
1 0.73984375 0.24375 0.0578125 0.0546875
1 0.90703125 0.315625 0.059375 0.0546875