<<<<<<< HEAD
0 0.97421875 0.359375 0.01875 0.01875
0 0.934375 0.34140625 0.0234375 0.0234375
0 0.90078125 0.3265625 0.0203125 0.0234375
0 0.8671875 0.31328125 0.0234375 0.0234375
0 0.83359375 0.2984375 0.0234375 0.025
0 0.80078125 0.2859375 0.0203125 0.021875
0 0.75234375 0.26875 0.028125 0.025
0 0.7125 0.25546875 0.025 0.025
0 0.671875 0.2390625 0.0265625 0.028125
0 0.63046875 0.21953125 0.0265625 0.0265625
0 0.58671875 0.20234375 0.03125 0.03125
0 0.5328125 0.18359375 0.03125 0.0296875
0 0.48359375 0.16015625 0.0296875 0.0265625
0 0.42890625 0.13359375 0.03125 0.0296875
0 0.375 0.11171875 0.034375 0.0328125
0 0.315625 0.0859375 0.0328125 0.0328125
0 0.26796875 0.06640625 0.03125 0.034375
0 0.22734375 0.0515625 0.028125 0.03125
0 0.16953125 0.02734375 0.028125 0.0296875
1 0.171875 0.0109375 0.01875 0.01875
1 0.21015625 0.0296875 0.028125 0.0265625
1 0.2546875 0.0484375 0.0234375 0.025
1 0.296875 0.065625 0.025 0.028125
1 0.3375 0.08515625 0.025 0.025
1 0.41875 0.12109375 0.0234375 0.025
1 0.46484375 0.13515625 0.021875 0.025
1 0.50234375 0.15390625 0.0234375 0.025
1 0.54453125 0.17109375 0.025 0.0234375
1 0.58125 0.18671875 0.0296875 0.0296875
1 0.6203125 0.2015625 0.0171875 0.0203125
1 0.65 0.2140625 0.021875 0.0234375
1 0.73203125 0.24921875 0.025 0.025
1 0.70546875 0.23671875 0.0234375 0.0203125
1 0.6828125 0.228125 0.0234375 0.021875
1 0.76875 0.26484375 0.01875 0.025
1 0.790625 0.2765625 0.0203125 0.0265625
1 0.81875 0.284375 0.028125 0.028125
1 0.85234375 0.29453125 0.021875 0.021875
1 0.88359375 0.31015625 0.021875 0.025
1 0.91484375 0.321875 0.01875 0.021875
1 0.9453125 0.334375 0.028125 0.0265625
=======
0 0.97421875 0.359375 0.01875 0.01875
0 0.934375 0.34140625 0.0234375 0.0234375
0 0.90078125 0.3265625 0.0203125 0.0234375
0 0.8671875 0.31328125 0.0234375 0.0234375
0 0.83359375 0.2984375 0.0234375 0.025
0 0.80078125 0.2859375 0.0203125 0.021875
0 0.75234375 0.26875 0.028125 0.025
0 0.7125 0.25546875 0.025 0.025
0 0.671875 0.2390625 0.0265625 0.028125
0 0.63046875 0.21953125 0.0265625 0.0265625
0 0.58671875 0.20234375 0.03125 0.03125
0 0.5328125 0.18359375 0.03125 0.0296875
0 0.48359375 0.16015625 0.0296875 0.0265625
0 0.42890625 0.13359375 0.03125 0.0296875
0 0.375 0.11171875 0.034375 0.0328125
0 0.315625 0.0859375 0.0328125 0.0328125
0 0.26796875 0.06640625 0.03125 0.034375
0 0.22734375 0.0515625 0.028125 0.03125
0 0.16953125 0.02734375 0.028125 0.0296875
1 0.171875 0.0109375 0.01875 0.01875
1 0.21015625 0.0296875 0.028125 0.0265625
1 0.2546875 0.0484375 0.0234375 0.025
1 0.296875 0.065625 0.025 0.028125
1 0.3375 0.08515625 0.025 0.025
1 0.41875 0.12109375 0.0234375 0.025
1 0.46484375 0.13515625 0.021875 0.025
1 0.50234375 0.15390625 0.0234375 0.025
1 0.54453125 0.17109375 0.025 0.0234375
1 0.58125 0.18671875 0.0296875 0.0296875
1 0.6203125 0.2015625 0.0171875 0.0203125
1 0.65 0.2140625 0.021875 0.0234375
1 0.73203125 0.24921875 0.025 0.025
1 0.70546875 0.23671875 0.0234375 0.0203125
1 0.6828125 0.228125 0.0234375 0.021875
1 0.76875 0.26484375 0.01875 0.025
1 0.790625 0.2765625 0.0203125 0.0265625
1 0.81875 0.284375 0.028125 0.028125
1 0.85234375 0.29453125 0.021875 0.021875
1 0.88359375 0.31015625 0.021875 0.025
1 0.91484375 0.321875 0.01875 0.021875
1 0.9453125 0.334375 0.028125 0.0265625
>>>>>>> c9556306391b7ee450ce0db69384df37c899f0a7
1 0.98046875 0.35 0.0265625 0.028125