<<<<<<< HEAD
0 0.0078125 0.49453125 0.015625 0.0421875
0 0.01328125 0.46640625 0.0265625 0.0515625
0 0.01015625 0.44375 0.0203125 0.0375
0 0.00859375 0.4234375 0.0171875 0.034375
0 0.00703125 0.4046875 0.0140625 0.03125
0 0.00703125 0.39375 0.0140625 0.03125
0 0.00546875 0.38515625 0.0109375 0.0234375
0 0.00625 0.38046875 0.0125 0.0234375
0 0.0078125 0.3734375 0.015625 0.025
0 0.0140625 0.36640625 0.0203125 0.021875
1 0.16640625 0.28515625 0.0125 0.0125
1 0.175 0.28359375 0.015625 0.015625
1 0.184375 0.28046875 0.015625 0.015625
1 0.19453125 0.27890625 0.0125 0.0140625
1 0.20625 0.278125 0.015625 0.0171875
1 0.21875 0.27109375 0.0171875 0.0203125
1 0.234375 0.271875 0.025 0.028125
1 0.25 0.27109375 0.0265625 0.0265625
1 0.27109375 0.259375 0.0296875 0.0296875
1 0.296875 0.253125 0.0359375 0.0375
1 0.33359375 0.24296875 0.0421875 0.04375
1 0.37421875 0.23828125 0.046875 0.0453125
1 0.43671875 0.228125 0.059375 0.05625
1 0.4984375 0.21328125 0.0734375 0.075
1 0.6140625 0.203125 0.0890625 0.084375
=======
0 0.0078125 0.49453125 0.015625 0.0421875
0 0.01328125 0.46640625 0.0265625 0.0515625
0 0.01015625 0.44375 0.0203125 0.0375
0 0.00859375 0.4234375 0.0171875 0.034375
0 0.00703125 0.4046875 0.0140625 0.03125
0 0.00703125 0.39375 0.0140625 0.03125
0 0.00546875 0.38515625 0.0109375 0.0234375
0 0.00625 0.38046875 0.0125 0.0234375
0 0.0078125 0.3734375 0.015625 0.025
0 0.0140625 0.36640625 0.0203125 0.021875
1 0.16640625 0.28515625 0.0125 0.0125
1 0.175 0.28359375 0.015625 0.015625
1 0.184375 0.28046875 0.015625 0.015625
1 0.19453125 0.27890625 0.0125 0.0140625
1 0.20625 0.278125 0.015625 0.0171875
1 0.21875 0.27109375 0.0171875 0.0203125
1 0.234375 0.271875 0.025 0.028125
1 0.25 0.27109375 0.0265625 0.0265625
1 0.27109375 0.259375 0.0296875 0.0296875
1 0.296875 0.253125 0.0359375 0.0375
1 0.33359375 0.24296875 0.0421875 0.04375
1 0.37421875 0.23828125 0.046875 0.0453125
1 0.43671875 0.228125 0.059375 0.05625
1 0.4984375 0.21328125 0.0734375 0.075
1 0.6140625 0.203125 0.0890625 0.084375
>>>>>>> c9556306391b7ee450ce0db69384df37c899f0a7
1 0.82890625 0.1671875 0.134375 0.13125