0 0.82109375 0.57265625 0.3578125 0.4328125
0 0.41015625 0.4859375 0.253125 0.2625
0 0.25546875 0.45390625 0.1765625 0.1703125
0 0.18515625 0.41015625 0.1234375 0.1203125
0 0.146875 0.39609375 0.0984375 0.1
0 0.11953125 0.36796875 0.0828125 0.08125
0 0.09296875 0.35078125 0.05625 0.0578125
0 0.0765625 0.33984375 0.0578125 0.059375
0 0.0484375 0.340625 0.0484375 0.05
0 0.03828125 0.3375 0.0484375 0.0421875
0 0.0296875 0.3421875 0.04375 0.0421875
0 0.009375 0.34921875 0.01875 0.0390625
0 0.01015625 0.36171875 0.0203125 0.0421875
0 0.00859375 0.3765625 0.0171875 0.0375
1 0.10859375 0.26171875 0.0296875 0.03125
1 0.15234375 0.240625 0.0359375 0.0375
1 0.1953125 0.221875 0.0359375 0.034375
1 0.234375 0.2046875 0.0375 0.0390625
1 0.27421875 0.1859375 0.0421875 0.040625
1 0.31171875 0.16796875 0.0359375 0.0375
1 0.35234375 0.14921875 0.0375 0.0390625
1 0.38125 0.13671875 0.0515625 0.0515625
1 0.42109375 0.121875 0.0453125 0.046875
1 0.47265625 0.1015625 0.05 0.0515625
1 0.51796875 0.0859375 0.0546875 0.05625
1 0.5765625 0.06796875 0.059375 0.059375
1 0.628125 0.04921875 0.065625 0.0625
1 0.696875 0.03203125 0.071875 0.0640625
1 0.77578125 0.0171875 0.0703125 0.034375