<<<<<<< HEAD
1 0.025 0.23203125 0.05 0.0765625
1 0.096875 0.2078125 0.05703125 0.0578125
1 0.16953125 0.190625 0.0625 0.065625
1 0.2328125 0.18203125 0.046875 0.053125
1 0.28359375 0.178125 0.05078125 0.0515625
1 0.346875 0.16640625 0.0359375 0.04140625
1 0.3984375 0.159375 0.03125 0.0375
1 0.421875 0.15625 0.0375 0.03203125
1 0.4609375 0.15078125 0.03046875 0.03828125
1 0.490625 0.1375 0.02734375 0.02890625
1 0.5140625 0.1375 0.0296875 0.0265625
1 0.53359375 0.13125 0.02890625 0.02734375
1 0.5046875 0.11796875 0.02890625 0.0234375
1 0.52890625 0.115625 0.02578125 0.02265625
1 0.55546875 0.11796875 0.0140625 0.01875
1 0.57421875 0.11875 0.01484375 0.01953125
1 0.60234375 0.115625 0.0140625 0.0140625
1 0.63203125 0.11796875 0.01171875 0.01015625
1 0.665625 0.11484375 0.015625 0.01484375
1 0.6984375 0.1140625 0.0203125 0.0171875
1 0.86640625 0.10546875 0.0109375 0.015625
1 0.94296875 0.10625 0.01328125 0.01953125
0 0.97265625 0.1171875 0.02421875 0.0265625
0 0.884375 0.10859375 0.01640625 0.0171875
0 0.7390625 0.1140625 0.025 0.0140625
0 0.7515625 0.11640625 0.01484375 0.0140625
0 0.7625 0.11875 0.0171875 0.0203125
0 0.7828125 0.11875 0.021875 0.01875
0 0.803125 0.11796875 0.0234375 0.0203125
0 0.82890625 0.12265625 0.01640625 0.02109375
0 0.84921875 0.1265625 0.02109375 0.021875
0 0.878125 0.13203125 0.034375 0.03125
0 0.85703125 0.15703125 0.0359375 0.03046875
0 0.8578125 0.18359375 0.05078125 0.04375
0 0.87890625 0.2015625 0.05234375 0.0515625
0 0.92578125 0.22265625 0.07421875 0.06875
=======
1 0.025 0.23203125 0.05 0.0765625
1 0.096875 0.2078125 0.05703125 0.0578125
1 0.16953125 0.190625 0.0625 0.065625
1 0.2328125 0.18203125 0.046875 0.053125
1 0.28359375 0.178125 0.05078125 0.0515625
1 0.346875 0.16640625 0.0359375 0.04140625
1 0.3984375 0.159375 0.03125 0.0375
1 0.421875 0.15625 0.0375 0.03203125
1 0.4609375 0.15078125 0.03046875 0.03828125
1 0.490625 0.1375 0.02734375 0.02890625
1 0.5140625 0.1375 0.0296875 0.0265625
1 0.53359375 0.13125 0.02890625 0.02734375
1 0.5046875 0.11796875 0.02890625 0.0234375
1 0.52890625 0.115625 0.02578125 0.02265625
1 0.55546875 0.11796875 0.0140625 0.01875
1 0.57421875 0.11875 0.01484375 0.01953125
1 0.60234375 0.115625 0.0140625 0.0140625
1 0.63203125 0.11796875 0.01171875 0.01015625
1 0.665625 0.11484375 0.015625 0.01484375
1 0.6984375 0.1140625 0.0203125 0.0171875
1 0.86640625 0.10546875 0.0109375 0.015625
1 0.94296875 0.10625 0.01328125 0.01953125
0 0.97265625 0.1171875 0.02421875 0.0265625
0 0.884375 0.10859375 0.01640625 0.0171875
0 0.7390625 0.1140625 0.025 0.0140625
0 0.7515625 0.11640625 0.01484375 0.0140625
0 0.7625 0.11875 0.0171875 0.0203125
0 0.7828125 0.11875 0.021875 0.01875
0 0.803125 0.11796875 0.0234375 0.0203125
0 0.82890625 0.12265625 0.01640625 0.02109375
0 0.84921875 0.1265625 0.02109375 0.021875
0 0.878125 0.13203125 0.034375 0.03125
0 0.85703125 0.15703125 0.0359375 0.03046875
0 0.8578125 0.18359375 0.05078125 0.04375
0 0.87890625 0.2015625 0.05234375 0.0515625
0 0.92578125 0.22265625 0.07421875 0.06875
>>>>>>> c9556306391b7ee450ce0db69384df37c899f0a7
0 0.99296875 0.25 0.0140625 0.0578125