0 0.51796875 0.14140625 0.0125 0.0125
0 0.140625 0.25 0.07109375 0.05625
0 0.2609375 0.2265625 0.05625 0.04296875
0 0.33125 0.20234375 0.04140625 0.040625
0 0.37734375 0.1890625 0.0359375 0.02890625
0 0.415625 0.17578125 0.025 0.0265625
0 0.43671875 0.1671875 0.01640625 0.0203125
0 0.453125 0.16015625 0.0234375 0.01953125
0 0.46484375 0.1546875 0.02578125 0.01875
0 0.47734375 0.1515625 0.02265625 0.01640625
0 0.49453125 0.146875 0.01171875 0.01875
0 0.50546875 0.14375 0.0140625 0.01640625
1 0.715625 0.14609375 0.01796875 0.01484375
1 0.95546875 0.14609375 0.01796875 0.01796875
1 0.95859375 0.23515625 0.0625 0.05390625
1 0.8890625 0.21015625 0.04765625 0.04453125
1 0.84140625 0.196875 0.0421875 0.03046875
1 0.80703125 0.18671875 0.03359375 0.02734375
1 0.7859375 0.17421875 0.02734375 0.0234375
1 0.7671875 0.16640625 0.02421875 0.02578125
1 0.75859375 0.1671875 0.02109375 0.0265625
1 0.73515625 0.15546875 0.0203125 0.01875
1 0.728125 0.14921875 0.01875 0.01640625