1 0.9671875 0.35703125 0.06484375 0.09375
1 0.8453125 0.26875 0.07890625 0.07265625
1 0.77265625 0.24609375 0.05625 0.05234375
1 0.71171875 0.2171875 0.0421875 0.0359375
1 0.671875 0.2015625 0.0390625 0.03671875
1 0.63828125 0.1859375 0.03125 0.02734375
1 0.615625 0.18203125 0.01953125 0.0234375
1 0.5953125 0.1796875 0.01796875 0.021875
1 0.584375 0.17421875 0.01484375 0.01484375
1 0.56953125 0.16640625 0.01328125 0.0171875
1 0.565625 0.1671875 0.01640625 0.01640625
1 0.55703125 0.1625 0.0171875 0.01875
1 0.54453125 0.16171875 0.01640625 0.0171875
0 0.3640625 0.1578125 0.01328125 0.0140625
0 0.35390625 0.15859375 0.0125 0.01171875
0 0.3453125 0.15859375 0.0140625 0.015625
0 0.3375 0.16015625 0.01015625 0.0125
0 0.33203125 0.165625 0.01328125 0.01484375
0 0.31953125 0.1671875 0.015625 0.0171875
0 0.3125 0.17421875 0.0140625 0.01640625
0 0.2953125 0.1828125 0.01796875 0.01953125
0 0.28125 0.190625 0.02421875 0.025
0 0.25703125 0.1953125 0.028125 0.028125
0 0.2265625 0.2109375 0.03125 0.02421875
0 0.17578125 0.22265625 0.0453125 0.03984375
0 0.10078125 0.24765625 0.06328125 0.04921875
0 0.00546875 0.29140625 0.0109375 0.04296875
1 0.72265625 0.14765625 0.02109375 0.0203125