0 0.325 0.8078125 0.43125 0.384375
0 0.559375 0.42890625 0.240625 0.259375
0 0.62890625 0.28984375 0.175 0.16875
0 0.653125 0.2125 0.121875 0.1234375
0 0.65625 0.171875 0.10625 0.0984375
0 0.65703125 0.13671875 0.08125 0.084375
0 0.6625 0.10390625 0.075 0.075
0 0.6625 0.0734375 0.05625 0.0578125
0 0.68515625 0.04765625 0.0484375 0.053125
0 0.7234375 0.028125 0.0484375 0.046875
0 0.76328125 0.015625 0.0421875 0.03125
0 0.790625 0.009375 0.034375 0.01875
0 0.81640625 0.00859375 0.0296875 0.0171875
1 0.5859375 0.04921875 0.0359375 0.0390625
1 0.5421875 0.06875 0.0390625 0.0390625
1 0.5015625 0.08984375 0.034375 0.0359375
1 0.4625 0.10546875 0.034375 0.0375
1 0.41796875 0.12265625 0.034375 0.034375
1 0.38359375 0.14296875 0.0359375 0.040625
1 0.3453125 0.15703125 0.034375 0.0421875
1 0.3125 0.17421875 0.05 0.0515625
1 0.2734375 0.19296875 0.04375 0.05
1 0.2265625 0.2203125 0.046875 0.05
1 0.1859375 0.24375 0.05 0.053125
1 0.1375 0.2734375 0.053125 0.05625
1 0.084375 0.3015625 0.0640625 0.0625
1 0.0296875 0.33515625 0.059375 0.0765625
1 0.01953125 0.3796875 0.0390625 0.084375