0 0.02578125 0.165625 0.0515625 0.04921875
0 0.0671875 0.1359375 0.0515625 0.04453125
0 0.09765625 0.12109375 0.04296875 0.040625
0 0.121875 0.1078125 0.03515625 0.03203125
0 0.14296875 0.10390625 0.0171875 0.025
0 0.159375 0.09375 0.0171875 0.0203125
0 0.17890625 0.08828125 0.01953125 0.02578125
0 0.2046875 0.090625 0.0203125 0.021875
0 0.25703125 0.09296875 0.02109375 0.01953125
0 0.3109375 0.09375 0.021875 0.02265625
0 0.3453125 0.09296875 0.01796875 0.01875
0 0.3984375 0.09765625 0.02265625 0.01875
0 0.4484375 0.1015625 0.02265625 0.02109375
0 0.50078125 0.1046875 0.0203125 0.0234375
0 0.5546875 0.10546875 0.021875 0.01484375
0 0.6078125 0.1109375 0.0203125 0.015625
0 0.6609375 0.109375 0.02265625 0.0203125
0 0.7109375 0.11171875 0.0203125 0.0203125
0 0.75703125 0.11484375 0.021875 0.01796875
0 0.7984375 0.1171875 0.0203125 0.01484375
0 0.840625 0.11640625 0.01875 0.021875
0 0.89453125 0.11953125 0.02109375 0.0203125
0 0.934375 0.1171875 0.01875 0.0171875
0 0.971875 0.1203125 0.0203125 0.01796875
1 0.99140625 0.11171875 0.0171875 0.0171875
1 0.9578125 0.11015625 0.01328125 0.01875
1 0.91484375 0.10859375 0.01640625 0.0171875
1 0.8890625 0.10703125 0.01484375 0.01796875
1 0.8578125 0.1078125 0.01875 0.01796875
1 0.81796875 0.10546875 0.01796875 0.01796875
1 0.7859375 0.10546875 0.01171875 0.01484375
1 0.72890625 0.10390625 0.01484375 0.015625
1 0.759375 0.103125 0.01484375 0.0109375
1 0.69375 0.1 0.0171875 0.01796875
1 0.6484375 0.09453125 0.015625 0.015625
1 0.61640625 0.1 0.0171875 0.01796875
1 0.57265625 0.09609375 0.0140625 0.01640625
1 0.5328125 0.0921875 0.021875 0.01640625
1 0.48984375 0.09375 0.01875 0.01875
1 0.36875 0.08359375 0.01640625 0.02109375
1 0.409375 0.08828125 0.01796875 0.0203125
1 0.32890625 0.0828125 0.0140625 0.0203125
1 0.284375 0.08203125 0.0171875 0.01796875
1 0.246875 0.0796875 0.01484375 0.01640625
1 0.20234375 0.07734375 0.0171875 0.0171875
1 0.15703125 0.075 0.015625 0.01796875
1 0.12265625 0.07265625 0.01875 0.015625
1 0.09296875 0.07421875 0.0140625 0.01875
1 0.05 0.07578125 0.01796875 0.021875