1 0.125 0.0828125 0.01875 0.01484375
1 0.203125 0.090625 0.02109375 0.025
1 0.28125 0.08203125 0.025 0.01484375
1 0.38515625 0.0875 0.02109375 0.02578125
1 0.46484375 0.08046875 0.025 0.009375
1 0.56796875 0.08046875 0.0171875 0.021875
1 0.6328125 0.08515625 0.0203125 0.0265625
1 0.67890625 0.075 0.02109375 0.01171875
1 0.73359375 0.0796875 0.015625 0.0234375
1 0.8453125 0.0796875 0.0203125 0.01484375
1 0.95078125 0.08828125 0.025 0.02734375
1 0.99296875 0.08515625 0.0140625 0.021875
0 0.1296875 0.10703125 0.03046875 0.034375
0 0.28359375 0.10234375 0.028125 0.0265625
0 0.46484375 0.103125 0.028125 0.03359375
0 0.59453125 0.09921875 0.0328125 0.03671875
0 0.67890625 0.1 0.02265625 0.0375
0 0.71875 0.10546875 0.03125 0.03671875
0 0.79296875 0.10546875 0.03359375 0.03828125
0 0.83984375 0.11015625 0.0265625 0.04140625
0 0.92109375 0.1140625 0.04296875 0.05234375
0 0.978125 0.12265625 0.04375 0.0453125
0 0.9703125 0.17890625 0.059375 0.0890625
0 0.915625 0.21484375 0.08984375 0.1203125
0 0.79765625 0.26484375 0.1125 0.15
0 0.6421875 0.3203125 0.13046875 0.18671875
0 0.5265625 0.46171875 0.1953125 0.27578125
0 0.11171875 0.68515625 0.21796875 0.4265625