0 0.825 0.2203125 0.16875 0.1609375
0 0.6265625 0.31015625 0.1515625 0.1390625
0 0.790625 0.00625 0.028125 0.0125
0 0.72421875 0.01796875 0.021875 0.0234375
0 0.6609375 0.03125 0.0171875 0.0203125
0 0.603125 0.05078125 0.0171875 0.0203125
0 0.5515625 0.0671875 0.015625 0.0203125
0 0.5046875 0.084375 0.0140625 0.0140625
0 0.4578125 0.09453125 0.0171875 0.0203125
0 0.37734375 0.11953125 0.0125 0.01875
0 0.41171875 0.109375 0.0125 0.0171875
1 0.44453125 0.0953125 0.015625 0.0171875
1 0.47734375 0.0828125 0.0125 0.015625
1 0.5171875 0.07421875 0.0171875 0.01875
1 0.55859375 0.059375 0.01875 0.0171875
1 0.65 0.03203125 0.0171875 0.01875
1 0.69921875 0.01875 0.021875 0.021875
1 0.7453125 0.00703125 0.015625 0.0140625
1 0.80625 0.00546875 0.021875 0.0109375