0 0.85859375 0.25 0.07109375 0.059375
0 0.7359375 0.22421875 0.05703125 0.03828125
0 0.665625 0.203125 0.040625 0.0390625
0 0.6203125 0.18671875 0.0359375 0.0296875
0 0.584375 0.17578125 0.025 0.025
0 0.56171875 0.16796875 0.0203125 0.025
0 0.54765625 0.16171875 0.015625 0.01953125
0 0.53359375 0.1578125 0.01953125 0.01875
0 0.52109375 0.15234375 0.0171875 0.01484375
0 0.5046875 0.14609375 0.01328125 0.01640625
0 0.49765625 0.14453125 0.01171875 0.0140625
0 0.48671875 0.14453125 0.01015625 0.01328125
0 0.48203125 0.1421875 0.0078125 0.0140625
1 0.0453125 0.14765625 0.01953125 0.02109375
1 0.04375 0.2375 0.0609375 0.059375
1 0.11015625 0.2109375 0.05 0.04921875
1 0.159375 0.196875 0.03671875 0.0328125
1 0.19296875 0.18671875 0.03359375 0.0328125
1 0.2125 0.1765625 0.021875 0.02890625
1 0.23125 0.1640625 0.021875 0.025
1 0.24375 0.1609375 0.015625 0.02109375
1 0.26171875 0.15703125 0.0234375 0.0171875
1 0.26875 0.15234375 0.015625 0.01484375
1 0.278125 0.1484375 0.02109375 0.0171875