<<<<<<< HEAD
0 0.84453125 0.7125 0.3078125 0.396875
0 0.45703125 0.32421875 0.1484375 0.14375
0 0.35234375 0.2296875 0.0890625 0.0859375
0 0.29609375 0.17421875 0.0640625 0.059375
0 0.26015625 0.1578125 0.0359375 0.0375
0 0.234375 0.13203125 0.0421875 0.0359375
0 0.2125 0.11875 0.0390625 0.0328125
0 0.19609375 0.10625 0.028125 0.0328125
0 0.17734375 0.10625 0.025 0.025
0 0.1609375 0.09453125 0.01875 0.0234375
0 0.14296875 0.08515625 0.01875 0.0203125
0 0.11796875 0.08671875 0.0234375 0.025
0 0.0671875 0.09140625 0.01875 0.0171875
1 0.04140625 0.07734375 0.0140625 0.0234375
1 0.07578125 0.07734375 0.015625 0.01875
1 0.12421875 0.0734375 0.021875 0.015625
1 0.159375 0.07265625 0.0125 0.0125
1 0.2015625 0.08046875 0.01875 0.0203125
1 0.22890625 0.0828125 0.01875 0.021875
1 0.2625 0.0828125 0.01875 0.0171875
1 0.29765625 0.0828125 0.021875 0.01875
1 0.3234375 0.084375 0.0171875 0.021875
1 0.34765625 0.0875 0.015625 0.0203125
1 0.375 0.0921875 0.021875 0.025
1 0.40546875 0.09375 0.0203125 0.01875
1 0.44375 0.09765625 0.0265625 0.0234375
1 0.4890625 0.10234375 0.025 0.01875
1 0.53203125 0.109375 0.028125 0.0265625
1 0.58671875 0.12265625 0.028125 0.025
1 0.6609375 0.128125 0.0296875 0.0359375
1 0.7578125 0.1375 0.0421875 0.046875
=======
0 0.84453125 0.7125 0.3078125 0.396875
0 0.45703125 0.32421875 0.1484375 0.14375
0 0.35234375 0.2296875 0.0890625 0.0859375
0 0.29609375 0.17421875 0.0640625 0.059375
0 0.26015625 0.1578125 0.0359375 0.0375
0 0.234375 0.13203125 0.0421875 0.0359375
0 0.2125 0.11875 0.0390625 0.0328125
0 0.19609375 0.10625 0.028125 0.0328125
0 0.17734375 0.10625 0.025 0.025
0 0.1609375 0.09453125 0.01875 0.0234375
0 0.14296875 0.08515625 0.01875 0.0203125
0 0.11796875 0.08671875 0.0234375 0.025
0 0.0671875 0.09140625 0.01875 0.0171875
1 0.04140625 0.07734375 0.0140625 0.0234375
1 0.07578125 0.07734375 0.015625 0.01875
1 0.12421875 0.0734375 0.021875 0.015625
1 0.159375 0.07265625 0.0125 0.0125
1 0.2015625 0.08046875 0.01875 0.0203125
1 0.22890625 0.0828125 0.01875 0.021875
1 0.2625 0.0828125 0.01875 0.0171875
1 0.29765625 0.0828125 0.021875 0.01875
1 0.3234375 0.084375 0.0171875 0.021875
1 0.34765625 0.0875 0.015625 0.0203125
1 0.375 0.0921875 0.021875 0.025
1 0.40546875 0.09375 0.0203125 0.01875
1 0.44375 0.09765625 0.0265625 0.0234375
1 0.4890625 0.10234375 0.025 0.01875
1 0.53203125 0.109375 0.028125 0.0265625
1 0.58671875 0.12265625 0.028125 0.025
1 0.6609375 0.128125 0.0296875 0.0359375
1 0.7578125 0.1375 0.0421875 0.046875
>>>>>>> c9556306391b7ee450ce0db69384df37c899f0a7
1 0.89140625 0.1625 0.05625 0.059375