1 0.01875 0.440625 0.0375 0.075
1 0.0203125 0.3890625 0.040625 0.08125
1 0.05625 0.34453125 0.059375 0.0578125
1 0.103125 0.315625 0.05625 0.05625
1 0.15 0.2796875 0.0515625 0.053125
1 0.18984375 0.25234375 0.05 0.0484375
1 0.23359375 0.21875 0.0484375 0.0515625
1 0.2703125 0.19609375 0.046875 0.0484375
1 0.3015625 0.178125 0.0390625 0.040625
1 0.3359375 0.15546875 0.0359375 0.0375
1 0.37109375 0.13515625 0.0359375 0.0375
1 0.41015625 0.11171875 0.0359375 0.0375
1 0.44609375 0.08984375 0.0359375 0.0359375
1 0.48984375 0.06484375 0.0296875 0.028125
1 0.52890625 0.04140625 0.03125 0.03125
0 0.5421875 0.41640625 0.259375 0.2671875
0 0.59765625 0.27265625 0.175 0.1640625
0 0.60703125 0.18984375 0.128125 0.1265625
0 0.60859375 0.1609375 0.1109375 0.1015625
0 0.60703125 0.1171875 0.090625 0.090625
0 0.61015625 0.08203125 0.0640625 0.06875
0 0.6109375 0.06484375 0.0625 0.0640625
0 0.63203125 0.04453125 0.053125 0.059375
0 0.6359375 0.03359375 0.0515625 0.0546875
0 0.6390625 0.0234375 0.046875 0.046875
0 0.64765625 0.01875 0.0390625 0.0375
0 0.66171875 0.0125 0.0453125 0.025
0 0.6984375 0.01171875 0.046875 0.0234375
0 0.72578125 0.009375 0.0359375 0.01875
0 0.7546875 0.009375 0.0375 0.01875