0 0.40078125 0.16875 0.025 0.0140625
0 0.38046875 0.1734375 0.0234375 0.021875
0 0.36953125 0.1796875 0.01875 0.015625
0 0.36171875 0.18671875 0.0328125 0.0234375
0 0.340625 0.20234375 0.0328125 0.028125
0 0.34765625 0.18984375 0.03125 0.0234375
0 0.31171875 0.20703125 0.034375 0.03125
0 0.28359375 0.23046875 0.04375 0.034375
0 0.2359375 0.25625 0.0578125 0.046875
0 0.159375 0.2984375 0.0765625 0.05625
0 0.028125 0.371875 0.05625 0.103125
1 0.60703125 0.159375 0.015625 0.015625
1 0.6234375 0.159375 0.0171875 0.0140625
1 0.63828125 0.1625 0.0234375 0.01875
1 0.6515625 0.16640625 0.0171875 0.015625
1 0.671875 0.171875 0.0265625 0.021875
1 0.6984375 0.17265625 0.025 0.0234375
1 0.725 0.1828125 0.0328125 0.0375
1 0.76171875 0.1921875 0.0390625 0.0296875
1 0.82109375 0.20703125 0.046875 0.0359375
1 0.9015625 0.2203125 0.0609375 0.05625
1 0.8453125 0.1453125 0.0234375 0.0234375