1 0.87421875 0.17578125 0.05859375 0.04921875
1 0.778125 0.17421875 0.05078125 0.04296875
1 0.69140625 0.178125 0.0390625 0.04453125
1 0.61015625 0.18125 0.04375 0.03671875
1 0.56328125 0.171875 0.0328125 0.034375
1 0.52734375 0.17109375 0.0359375 0.03671875
1 0.4953125 0.16953125 0.028125 0.03046875
1 0.46640625 0.16875 0.025 0.0296875
1 0.43203125 0.16796875 0.025 0.03046875
1 0.40625 0.16640625 0.01796875 0.0265625
1 0.38203125 0.1671875 0.025 0.02734375
1 0.34765625 0.16875 0.02734375 0.0296875
1 0.32109375 0.1671875 0.025 0.02734375
1 0.2875 0.165625 0.01796875 0.021875
1 0.25546875 0.16796875 0.021875 0.02109375
1 0.22109375 0.17109375 0.0203125 0.021875
1 0.1859375 0.17734375 0.025 0.03203125
1 0.1515625 0.1703125 0.021875 0.0265625
1 0.115625 0.17578125 0.02578125 0.0234375
0 0.0625 0.2046875 0.02734375 0.03125
0 0.07421875 0.2046875 0.0296875 0.03359375
0 0.08125 0.2125 0.0328125 0.03203125
0 0.09921875 0.2171875 0.03203125 0.0390625
0 0.11640625 0.22265625 0.03203125 0.04296875
0 0.13125 0.23359375 0.0359375 0.0390625
0 0.14453125 0.24140625 0.03671875 0.04453125
0 0.17578125 0.25 0.05546875 0.04765625
0 0.22890625 0.25703125 0.06015625 0.06328125
0 0.31875 0.271875 0.06953125 0.05703125
0 0.428125 0.28046875 0.0765625 0.0640625
0 0.5921875 0.28046875 0.09921875 0.08046875
0 0.803125 0.28515625 0.10234375 0.0875