<<<<<<< HEAD
1 0.134375 0.08359375 0.0578125 0.0546875
1 0.20390625 0.096875 0.059375 0.0609375
1 0.26328125 0.115625 0.0515625 0.053125
1 0.34921875 0.1375 0.0546875 0.053125
1 0.43359375 0.16484375 0.05 0.0515625
1 0.51640625 0.18828125 0.046875 0.04375
1 0.59453125 0.2140625 0.0484375 0.046875
1 0.6796875 0.240625 0.0484375 0.0453125
1 0.79453125 0.2796875 0.04375 0.0359375
1 0.953125 0.33671875 0.0515625 0.0453125
0 0.8734375 0.35546875 0.08125 0.08125
0 0.759375 0.321875 0.0796875 0.08125
0 0.71484375 0.33671875 0.09375 0.0890625
0 0.771875 0.38359375 0.1078125 0.10625
0 0.86328125 0.44375 0.14375 0.1390625
=======
1 0.134375 0.08359375 0.0578125 0.0546875
1 0.20390625 0.096875 0.059375 0.0609375
1 0.26328125 0.115625 0.0515625 0.053125
1 0.34921875 0.1375 0.0546875 0.053125
1 0.43359375 0.16484375 0.05 0.0515625
1 0.51640625 0.18828125 0.046875 0.04375
1 0.59453125 0.2140625 0.0484375 0.046875
1 0.6796875 0.240625 0.0484375 0.0453125
1 0.79453125 0.2796875 0.04375 0.0359375
1 0.953125 0.33671875 0.0515625 0.0453125
0 0.8734375 0.35546875 0.08125 0.08125
0 0.759375 0.321875 0.0796875 0.08125
0 0.71484375 0.33671875 0.09375 0.0890625
0 0.771875 0.38359375 0.1078125 0.10625
0 0.86328125 0.44375 0.14375 0.1390625
>>>>>>> c9556306391b7ee450ce0db69384df37c899f0a7
0 0.96953125 0.55078125 0.0609375 0.1421875