<<<<<<< HEAD
1 0.16875 0.10703125 0.0890625 0.10625
1 0.23515625 0.11015625 0.0953125 0.1
1 0.2890625 0.115625 0.0734375 0.075
1 0.32734375 0.1109375 0.0609375 0.0640625
1 0.31171875 0.07578125 0.0609375 0.05625
1 0.33203125 0.0671875 0.0515625 0.0484375
1 0.36640625 0.0734375 0.040625 0.0421875
1 0.40390625 0.08984375 0.0359375 0.0359375
1 0.4359375 0.10390625 0.0359375 0.0375
1 0.45859375 0.1109375 0.0359375 0.0390625
1 0.5 0.128125 0.034375 0.0359375
1 0.54453125 0.15 0.028125 0.0296875
1 0.5921875 0.171875 0.0296875 0.03125
1 0.63515625 0.1921875 0.0296875 0.0296875
1 0.6828125 0.2109375 0.0265625 0.025
1 0.83984375 0.29453125 0.0296875 0.028125
1 0.75078125 0.25 0.0234375 0.0234375
1 0.92578125 0.34921875 0.0421875 0.05
0 0.9859375 0.4796875 0.028125 0.09375
0 0.9578125 0.43671875 0.075 0.06875
0 0.90703125 0.39453125 0.0671875 0.0609375
0 0.85859375 0.35703125 0.0640625 0.0609375
0 0.8875 0.3296875 0.040625 0.0390625
0 0.9875 0.3953125 0.025 0.04375
0 0.81015625 0.32109375 0.05625 0.0546875
0 0.76484375 0.2953125 0.0515625 0.046875
0 0.7640625 0.26640625 0.034375 0.0328125
0 0.73203125 0.2671875 0.0375 0.0375
0 0.70625 0.253125 0.0375 0.040625
=======
1 0.16875 0.10703125 0.0890625 0.10625
1 0.23515625 0.11015625 0.0953125 0.1
1 0.2890625 0.115625 0.0734375 0.075
1 0.32734375 0.1109375 0.0609375 0.0640625
1 0.31171875 0.07578125 0.0609375 0.05625
1 0.33203125 0.0671875 0.0515625 0.0484375
1 0.36640625 0.0734375 0.040625 0.0421875
1 0.40390625 0.08984375 0.0359375 0.0359375
1 0.4359375 0.10390625 0.0359375 0.0375
1 0.45859375 0.1109375 0.0359375 0.0390625
1 0.5 0.128125 0.034375 0.0359375
1 0.54453125 0.15 0.028125 0.0296875
1 0.5921875 0.171875 0.0296875 0.03125
1 0.63515625 0.1921875 0.0296875 0.0296875
1 0.6828125 0.2109375 0.0265625 0.025
1 0.83984375 0.29453125 0.0296875 0.028125
1 0.75078125 0.25 0.0234375 0.0234375
1 0.92578125 0.34921875 0.0421875 0.05
0 0.9859375 0.4796875 0.028125 0.09375
0 0.9578125 0.43671875 0.075 0.06875
0 0.90703125 0.39453125 0.0671875 0.0609375
0 0.85859375 0.35703125 0.0640625 0.0609375
0 0.8875 0.3296875 0.040625 0.0390625
0 0.9875 0.3953125 0.025 0.04375
0 0.81015625 0.32109375 0.05625 0.0546875
0 0.76484375 0.2953125 0.0515625 0.046875
0 0.7640625 0.26640625 0.034375 0.0328125
0 0.73203125 0.2671875 0.0375 0.0375
0 0.70625 0.253125 0.0375 0.040625
>>>>>>> c9556306391b7ee450ce0db69384df37c899f0a7
0 0.684375 0.24296875 0.0328125 0.0328125