<<<<<<< HEAD
1 0.34296875 0.02890625 0.0640625 0.0578125
1 0.48203125 0.08515625 0.05625 0.053125
1 0.57421875 0.115625 0.0453125 0.0453125
1 0.6265625 0.14140625 0.0453125 0.0453125
1 0.6734375 0.16484375 0.0421875 0.0453125
1 0.73203125 0.190625 0.0453125 0.0453125
1 0.79375 0.21640625 0.046875 0.05
1 0.84921875 0.24765625 0.0390625 0.0390625
1 0.89296875 0.26953125 0.040625 0.0390625
1 0.95078125 0.2984375 0.0390625 0.0375
0 0.95625 0.34296875 0.0578125 0.0578125
0 0.9 0.3125 0.0625 0.0625
0 0.79453125 0.28671875 0.078125 0.075
0 0.678125 0.26796875 0.1 0.103125
=======
1 0.34296875 0.02890625 0.0640625 0.0578125
1 0.48203125 0.08515625 0.05625 0.053125
1 0.57421875 0.115625 0.0453125 0.0453125
1 0.6265625 0.14140625 0.0453125 0.0453125
1 0.6734375 0.16484375 0.0421875 0.0453125
1 0.73203125 0.190625 0.0453125 0.0453125
1 0.79375 0.21640625 0.046875 0.05
1 0.84921875 0.24765625 0.0390625 0.0390625
1 0.89296875 0.26953125 0.040625 0.0390625
1 0.95078125 0.2984375 0.0390625 0.0375
0 0.95625 0.34296875 0.0578125 0.0578125
0 0.9 0.3125 0.0625 0.0625
0 0.79453125 0.28671875 0.078125 0.075
0 0.678125 0.26796875 0.1 0.103125
>>>>>>> c9556306391b7ee450ce0db69384df37c899f0a7
0 0.4375 0.225 0.1546875 0.159375