1 0.8859375 0.23515625 0.1234375 0.115625
1 0.6671875 0.23046875 0.0828125 0.0734375
1 0.55390625 0.2171875 0.0640625 0.0640625
1 0.48828125 0.2203125 0.0578125 0.05
1 0.42734375 0.21875 0.0390625 0.0375
1 0.384375 0.21640625 0.0390625 0.0421875
1 0.34765625 0.21953125 0.028125 0.0296875
1 0.321875 0.22421875 0.025 0.0265625
1 0.29765625 0.22578125 0.0265625 0.0265625
1 0.28359375 0.22265625 0.0203125 0.0234375
1 0.26640625 0.22421875 0.0203125 0.0234375
1 0.25546875 0.225 0.0171875 0.0171875
1 0.2421875 0.225 0.015625 0.015625
1 0.23359375 0.22578125 0.0140625 0.0125
1 0.221875 0.22421875 0.0109375 0.0109375
0 0.00625 0.3921875 0.0125 0.046875
0 0.01328125 0.3625 0.0265625 0.053125
0 0.01015625 0.34296875 0.0203125 0.0359375
0 0.009375 0.32265625 0.01875 0.0359375
0 0.01484375 0.309375 0.0296875 0.03125
0 0.021875 0.30078125 0.0265625 0.028125
0 0.028125 0.2890625 0.025 0.025
0 0.03125 0.2828125 0.0203125 0.0234375
0 0.03984375 0.2765625 0.015625 0.0203125
0 0.04609375 0.27421875 0.015625 0.015625