<<<<<<< HEAD
1 0.2671875 0.07578125 0.0234375 0.025
0 0.45703125 0.190625 0.040625 0.04375
0 0.51796875 0.22890625 0.046875 0.0515625
0 0.52890625 0.25546875 0.0609375 0.0640625
0 0.5734375 0.30234375 0.08125 0.0875
0 0.65859375 0.35390625 0.0859375 0.0984375
0 0.7453125 0.4484375 0.1234375 0.1328125
=======
1 0.2671875 0.07578125 0.0234375 0.025
0 0.45703125 0.190625 0.040625 0.04375
0 0.51796875 0.22890625 0.046875 0.0515625
0 0.52890625 0.25546875 0.0609375 0.0640625
0 0.5734375 0.30234375 0.08125 0.0875
0 0.65859375 0.35390625 0.0859375 0.0984375
0 0.7453125 0.4484375 0.1234375 0.1328125
>>>>>>> c9556306391b7ee450ce0db69384df37c899f0a7
0 0.9265625 0.62578125 0.146875 0.1890625