<<<<<<< HEAD
0 0.9546875 0.21015625 0.03125 0.03125
0 0.80546875 0.17109375 0.0328125 0.034375
1 0.8125 0.1484375 0.03125 0.025
1 0.8875 0.17421875 0.025 0.0296875
1 0.96171875 0.1890625 0.0265625 0.021875
1 0.7125 0.12890625 0.028125 0.034375
1 0.63515625 0.1015625 0.028125 0.0203125
1 0.53828125 0.075 0.025 0.025
0 0.5046875 0.090625 0.0390625 0.04375
0 0.63125 0.121875 0.0328125 0.0375
1 0.4703125 0.06328125 0.0234375 0.0296875
0 0.42421875 0.06796875 0.0296875 0.0375
1 0.42890625 0.04609375 0.028125 0.01875
1 0.378125 0.03671875 0.025 0.0296875
1 0.26796875 0.0125 0.0265625 0.0203125
0 0.26171875 0.040625 0.0390625 0.0515625
0 0.31015625 0.0484375 0.0421875 0.0453125
0 0.38671875 0.0640625 0.0390625 0.040625
0 0.18359375 0.02734375 0.0484375 0.0546875
0 0.12734375 0.02109375 0.0515625 0.0421875
1 0.16328125 0.0078125 0.0328125 0.015625
1 0.11875 0.00546875 0.015625 0.0109375
0 0.12421875 0.0828125 0.0890625 0.10625
0 0.16796875 0.12265625 0.115625 0.13125
0 0.26953125 0.20234375 0.1390625 0.165625
0 0.4015625 0.2921875 0.184375 0.21875
0 0.48203125 0.45546875 0.2625 0.3203125
=======
0 0.9546875 0.21015625 0.03125 0.03125
0 0.80546875 0.17109375 0.0328125 0.034375
1 0.8125 0.1484375 0.03125 0.025
1 0.8875 0.17421875 0.025 0.0296875
1 0.96171875 0.1890625 0.0265625 0.021875
1 0.7125 0.12890625 0.028125 0.034375
1 0.63515625 0.1015625 0.028125 0.0203125
1 0.53828125 0.075 0.025 0.025
0 0.5046875 0.090625 0.0390625 0.04375
0 0.63125 0.121875 0.0328125 0.0375
1 0.4703125 0.06328125 0.0234375 0.0296875
0 0.42421875 0.06796875 0.0296875 0.0375
1 0.42890625 0.04609375 0.028125 0.01875
1 0.378125 0.03671875 0.025 0.0296875
1 0.26796875 0.0125 0.0265625 0.0203125
0 0.26171875 0.040625 0.0390625 0.0515625
0 0.31015625 0.0484375 0.0421875 0.0453125
0 0.38671875 0.0640625 0.0390625 0.040625
0 0.18359375 0.02734375 0.0484375 0.0546875
0 0.12734375 0.02109375 0.0515625 0.0421875
1 0.16328125 0.0078125 0.0328125 0.015625
1 0.11875 0.00546875 0.015625 0.0109375
0 0.12421875 0.0828125 0.0890625 0.10625
0 0.16796875 0.12265625 0.115625 0.13125
0 0.26953125 0.20234375 0.1390625 0.165625
0 0.4015625 0.2921875 0.184375 0.21875
0 0.48203125 0.45546875 0.2625 0.3203125
>>>>>>> c9556306391b7ee450ce0db69384df37c899f0a7
0 0.834375 0.76875 0.315625 0.4625