0 0.92109375 0.1921875 0.06328125 0.04140625
0 0.84375 0.16875 0.046875 0.04296875
0 0.79765625 0.16015625 0.03046875 0.03046875
0 0.7625 0.15 0.03203125 0.03515625
0 0.7359375 0.1484375 0.021875 0.01875
0 0.71953125 0.13984375 0.02109375 0.0234375
0 0.7 0.13515625 0.0171875 0.01953125
0 0.68359375 0.1375 0.01875 0.0171875
0 0.6671875 0.134375 0.01796875 0.0203125
1 0.4421875 0.153125 0.015625 0.01640625
1 0.428125 0.15546875 0.01953125 0.01796875
1 0.4171875 0.16328125 0.0203125 0.01953125
1 0.4 0.16640625 0.02109375 0.021875
1 0.38515625 0.175 0.02578125 0.028125
1 0.36015625 0.18515625 0.03203125 0.03203125
1 0.3328125 0.19609375 0.03828125 0.040625
1 0.2984375 0.21640625 0.04296875 0.0375
1 0.2375 0.24453125 0.0546875 0.05078125
1 0.13515625 0.27734375 0.075 0.065625
1 0.18046875 0.165625 0.01875 0.01953125