0 0.86171875 0.68203125 0.27578125 0.37421875
0 0.4421875 0.32890625 0.1375 0.1328125
0 0.3296875 0.24375 0.0828125 0.07890625
0 0.26875 0.19296875 0.06015625 0.0546875
0 0.23125 0.1796875 0.0328125 0.034375
0 0.203125 0.15625 0.03984375 0.03203125
0 0.18046875 0.1453125 0.03671875 0.0296875
0 0.16328125 0.134375 0.02578125 0.03125
0 0.14453125 0.1359375 0.0234375 0.0234375
0 0.1265625 0.12578125 0.01640625 0.021875
0 0.1078125 0.11796875 0.0171875 0.01875
0 0.08359375 0.121875 0.021875 0.0234375
0 0.03359375 0.13046875 0.01796875 0.015625
1 0.00625 0.11875 0.0125 0.021875
1 0.040625 0.115625 0.01484375 0.0171875
1 0.08828125 0.1078125 0.0203125 0.01328125
1 0.1234375 0.10390625 0.0109375 0.0109375
1 0.16640625 0.1078125 0.0171875 0.01953125
1 0.19375 0.1078125 0.01640625 0.0203125
1 0.22734375 0.1046875 0.01796875 0.01640625
1 0.26171875 0.10234375 0.02109375 0.0171875
1 0.28828125 0.1015625 0.015625 0.0203125
1 0.3125 0.10234375 0.0140625 0.01953125
1 0.33984375 0.1046875 0.01953125 0.0234375
1 0.3703125 0.10390625 0.01953125 0.0171875
1 0.40859375 0.10390625 0.02421875 0.02109375
1 0.4546875 0.1046875 0.0234375 0.0171875
1 0.49765625 0.1078125 0.0265625 0.025
1 0.553125 0.11640625 0.0265625 0.0234375
1 0.628125 0.115625 0.0265625 0.034375
1 0.725 0.11640625 0.0390625 0.04296875
1 0.86015625 0.1296875 0.0515625 0.0546875