0 0.90078125 0.4484375 0.18828125 0.24375
0 0.66875 0.43984375 0.19453125 0.29765625
0 0.5046875 0.36484375 0.13828125 0.17421875
0 0.06640625 0.171875 0.05703125 0.07734375
0 0.1375 0.1421875 0.04375 0.04921875
0 0.1734375 0.1265625 0.03046875 0.04453125
0 0.190625 0.08984375 0.03671875 0.03671875
0 0.14296875 0.11328125 0.0390625 0.03125
0 0.1734375 0.0984375 0.03203125 0.034375
1 0.04140625 0.08828125 0.0171875 0.0234375
1 0.0296875 0.09453125 0.015625 0.01953125
1 0.00390625 0.09765625 0.0078125 0.0234375