0 0.3703125 0.15546875 0.0109375 0.009375
0 0.36171875 0.15703125 0.0125 0.0109375
0 0.353125 0.1578125 0.0109375 0.0125
0 0.34375 0.15703125 0.0109375 0.0125
0 0.3390625 0.16328125 0.0125 0.0140625
0 0.32578125 0.16796875 0.0140625 0.015625
0 0.3171875 0.171875 0.0140625 0.0171875
0 0.3046875 0.178125 0.0171875 0.01875
0 0.28671875 0.18671875 0.021875 0.0234375
0 0.26640625 0.19296875 0.025 0.0265625
0 0.23046875 0.20703125 0.0296875 0.028125
0 0.18046875 0.2203125 0.0453125 0.04375
0 0.10703125 0.234375 0.0546875 0.0484375
0 0.009375 0.28515625 0.009375 0.046875
1 0.53515625 0.15859375 0.009375 0.0125
1 0.546875 0.1625 0.015625 0.01875
1 0.5578125 0.16640625 0.0140625 0.01875
1 0.56875 0.16796875 0.015625 0.0203125
1 0.5765625 0.1703125 0.0140625 0.021875
1 0.58671875 0.17109375 0.0203125 0.015625
1 0.60546875 0.18203125 0.0234375 0.0171875
1 0.6234375 0.18359375 0.01875 0.01875
1 0.6421875 0.19140625 0.028125 0.03125
1 0.6765625 0.2015625 0.0359375 0.0359375
1 0.7203125 0.22109375 0.0328125 0.03125
1 0.7765625 0.2515625 0.0546875 0.0421875
1 0.85 0.278125 0.075 0.0671875
1 0.97109375 0.3625 0.0578125 0.09375