0 0.675 0.275 0.11484375 0.1375
0 0.4375 0.2203125 0.07734375 0.06484375
0 0.3234375 0.1828125 0.0609375 0.0609375
0 0.21953125 0.16171875 0.04765625 0.0515625
0 0.1546875 0.165625 0.04609375 0.04140625
0 0.046875 0.17421875 0.04609375 0.040625
1 0.03046875 0.13828125 0.03359375 0.03203125
1 0.10703125 0.134375 0.03203125 0.03203125
1 0.1765625 0.1265625 0.025 0.02890625
1 0.2421875 0.1234375 0.03046875 0.02890625
1 0.28984375 0.1203125 0.02734375 0.03515625
1 0.35625 0.12109375 0.025 0.03046875
1 0.4203125 0.1203125 0.02578125 0.0328125
1 0.48359375 0.11796875 0.0296875 0.03359375
1 0.5390625 0.1234375 0.03203125 0.0375
1 0.59453125 0.11875 0.034375 0.0359375
1 0.690625 0.13359375 0.040625 0.0328125
1 0.8421875 0.134375 0.04765625 0.034375