0 0.9109375 0.59375 0.178125 0.240625
0 0.46953125 0.33046875 0.1328125 0.146875
0 0.27578125 0.2390625 0.096875 0.09375
0 0.1640625 0.1734375 0.0734375 0.0703125
0 0.0796875 0.140625 0.05625 0.06875
1 0.06484375 0.09453125 0.01875 0.0328125
1 0.11796875 0.10234375 0.0375 0.0390625
1 0.1671875 0.10625 0.040625 0.0375
1 0.2359375 0.1171875 0.03125 0.034375
1 0.3015625 0.12578125 0.0328125 0.0359375
1 0.3609375 0.134375 0.0390625 0.04375
1 0.415625 0.14765625 0.034375 0.0484375
1 0.4796875 0.1609375 0.040625 0.0421875
1 0.56484375 0.18203125 0.040625 0.0390625
1 0.70234375 0.2125 0.053125 0.05
1 0.87734375 0.2609375 0.05625 0.05