<<<<<<< HEAD
1 0.85390625 0.09765625 0.0234375 0.021875
1 0.6859375 0.1140625 0.0296875 0.01875
1 0.64453125 0.12734375 0.0296875 0.0328125
1 0.6015625 0.13046875 0.0234375 0.0171875
1 0.55703125 0.1375 0.0265625 0.01875
1 0.52109375 0.14453125 0.0203125 0.0234375
1 0.4796875 0.153125 0.0265625 0.0265625
1 0.4546875 0.15546875 0.025 0.025
1 0.434375 0.16484375 0.021875 0.028125
1 0.39921875 0.171875 0.028125 0.0328125
1 0.37421875 0.18203125 0.04375 0.04375
1 0.39609375 0.19921875 0.0546875 0.0625
1 0.36640625 0.2171875 0.053125 0.05625
1 0.3390625 0.23359375 0.05 0.053125
1 0.27265625 0.2546875 0.0625 0.065625
1 0.20078125 0.2734375 0.0765625 0.0703125
1 0.09453125 0.31328125 0.075 0.0765625
1 0.02265625 0.33828125 0.0453125 0.0890625
0 0.88984375 0.0984375 0.03125 0.03125
0 0.93125 0.13515625 0.040625 0.05
0 0.89453125 0.13515625 0.0375 0.0390625
0 0.86640625 0.134375 0.0375 0.0390625
0 0.8296875 0.12890625 0.040625 0.040625
0 0.79140625 0.13203125 0.040625 0.040625
0 0.75625 0.13125 0.0359375 0.03125
0 0.7234375 0.13125 0.025 0.0328125
0 0.709375 0.13125 0.0328125 0.0328125
=======
1 0.85390625 0.09765625 0.0234375 0.021875
1 0.6859375 0.1140625 0.0296875 0.01875
1 0.64453125 0.12734375 0.0296875 0.0328125
1 0.6015625 0.13046875 0.0234375 0.0171875
1 0.55703125 0.1375 0.0265625 0.01875
1 0.52109375 0.14453125 0.0203125 0.0234375
1 0.4796875 0.153125 0.0265625 0.0265625
1 0.4546875 0.15546875 0.025 0.025
1 0.434375 0.16484375 0.021875 0.028125
1 0.39921875 0.171875 0.028125 0.0328125
1 0.37421875 0.18203125 0.04375 0.04375
1 0.39609375 0.19921875 0.0546875 0.0625
1 0.36640625 0.2171875 0.053125 0.05625
1 0.3390625 0.23359375 0.05 0.053125
1 0.27265625 0.2546875 0.0625 0.065625
1 0.20078125 0.2734375 0.0765625 0.0703125
1 0.09453125 0.31328125 0.075 0.0765625
1 0.02265625 0.33828125 0.0453125 0.0890625
0 0.88984375 0.0984375 0.03125 0.03125
0 0.93125 0.13515625 0.040625 0.05
0 0.89453125 0.13515625 0.0375 0.0390625
0 0.86640625 0.134375 0.0375 0.0390625
0 0.8296875 0.12890625 0.040625 0.040625
0 0.79140625 0.13203125 0.040625 0.040625
0 0.75625 0.13125 0.0359375 0.03125
0 0.7234375 0.13125 0.025 0.0328125
0 0.709375 0.13125 0.0328125 0.0328125
>>>>>>> c9556306391b7ee450ce0db69384df37c899f0a7
0 0.68671875 0.13828125 0.028125 0.0328125