0 0.946875 0.215625 0.0671875 0.04375
0 0.86015625 0.18671875 0.0578125 0.04375
0 0.8046875 0.17421875 0.04765625 0.03359375
0 0.7609375 0.15859375 0.03203125 0.04453125
0 0.740625 0.153125 0.02890625 0.03671875
0 0.71875 0.14609375 0.0265625 0.03125
0 0.70078125 0.1421875 0.02734375 0.02265625
0 0.6859375 0.1375 0.01875 0.02109375
0 0.6734375 0.1328125 0.015625 0.01875
0 0.66171875 0.1328125 0.01171875 0.01640625
0 0.6484375 0.128125 0.0140625 0.0171875
1 0.21171875 0.14375 0.02421875 0.02578125
1 0.04375 0.31640625 0.08125 0.08203125
1 0.1765625 0.24765625 0.06328125 0.0640625
1 0.2546875 0.209375 0.04765625 0.04921875
1 0.30390625 0.19453125 0.04375 0.04140625
1 0.34609375 0.18203125 0.0328125 0.034375
1 0.36875 0.1703125 0.03359375 0.0328125
1 0.38671875 0.1640625 0.03046875 0.03046875
1 0.396875 0.1578125 0.0265625 0.02578125
1 0.4140625 0.15234375 0.0203125 0.02109375
1 0.434375 0.14296875 0.01796875 0.01484375
1 0.44453125 0.13984375 0.01875 0.01875