1 0.946875 0.140625 0.01484375 0.0203125
1 0.8796875 0.1375 0.0171875 0.015625
1 0.7171875 0.13671875 0.01953125 0.02265625
1 0.796875 0.146875 0.021875 0.02265625
1 0.5296875 0.1453125 0.02109375 0.01328125
1 0.56796875 0.14140625 0.01640625 0.01484375
1 0.48828125 0.14609375 0.0171875 0.0203125
1 0.45234375 0.14765625 0.0203125 0.0171875
1 0.4140625 0.14765625 0.0234375 0.02109375
1 0.3796875 0.15 0.01953125 0.01875
1 0.36171875 0.15078125 0.01875 0.02578125
1 0.34140625 0.15234375 0.0171875 0.02578125
1 0.315625 0.1546875 0.01875 0.0140625
1 0.28046875 0.1609375 0.0296875 0.01796875
1 0.34375 0.18125 0.025 0.03359375
1 0.3265625 0.18359375 0.01640625 0.03671875
1 0.31484375 0.18359375 0.02109375 0.0359375
1 0.2984375 0.19921875 0.0359375 0.04453125
1 0.26015625 0.203125 0.04609375 0.04140625
1 0.20234375 0.2203125 0.05234375 0.06171875