<<<<<<< HEAD
1 0.01953125 0.2109375 0.021875 0.0203125
1 0.09609375 0.1953125 0.028125 0.0296875
1 0.16875 0.1640625 0.028125 0.021875
1 0.26953125 0.1390625 0.028125 0.03125
1 0.34375 0.109375 0.0265625 0.015625
1 0.4421875 0.07890625 0.0234375 0.0265625
1 0.50546875 0.0640625 0.0265625 0.03125
1 0.546875 0.04140625 0.0234375 0.0171875
1 0.60078125 0.0296875 0.021875 0.0265625
1 0.70703125 0.0046875 0.0234375 0.009375
1 0.8109375 0.0078125 0.03125 0.015625
1 0.84921875 0.00625 0.0203125 0.0125
0 0.03125 0.2328125 0.0390625 0.0421875
0 0.1765625 0.1828125 0.034375 0.034375
0 0.35 0.13046875 0.0359375 0.040625
0 0.4734375 0.0890625 0.0421875 0.0453125
0 0.55390625 0.06484375 0.0328125 0.0421875
0 0.59375 0.05859375 0.040625 0.04375
0 0.66484375 0.03671875 0.04375 0.046875
0 0.7109375 0.028125 0.0375 0.046875
0 0.7890625 0.01953125 0.05625 0.0390625
0 0.84609375 0.0140625 0.0546875 0.028125
0 0.85625 0.05546875 0.0828125 0.103125
0 0.8140625 0.10546875 0.121875 0.140625
0 0.715625 0.18828125 0.1515625 0.1765625
0 0.58359375 0.28671875 0.1796875 0.2171875
0 0.5140625 0.45546875 0.2671875 0.3203125
=======
1 0.01953125 0.2109375 0.021875 0.0203125
1 0.09609375 0.1953125 0.028125 0.0296875
1 0.16875 0.1640625 0.028125 0.021875
1 0.26953125 0.1390625 0.028125 0.03125
1 0.34375 0.109375 0.0265625 0.015625
1 0.4421875 0.07890625 0.0234375 0.0265625
1 0.50546875 0.0640625 0.0265625 0.03125
1 0.546875 0.04140625 0.0234375 0.0171875
1 0.60078125 0.0296875 0.021875 0.0265625
1 0.70703125 0.0046875 0.0234375 0.009375
1 0.8109375 0.0078125 0.03125 0.015625
1 0.84921875 0.00625 0.0203125 0.0125
0 0.03125 0.2328125 0.0390625 0.0421875
0 0.1765625 0.1828125 0.034375 0.034375
0 0.35 0.13046875 0.0359375 0.040625
0 0.4734375 0.0890625 0.0421875 0.0453125
0 0.55390625 0.06484375 0.0328125 0.0421875
0 0.59375 0.05859375 0.040625 0.04375
0 0.66484375 0.03671875 0.04375 0.046875
0 0.7109375 0.028125 0.0375 0.046875
0 0.7890625 0.01953125 0.05625 0.0390625
0 0.84609375 0.0140625 0.0546875 0.028125
0 0.85625 0.05546875 0.0828125 0.103125
0 0.8140625 0.10546875 0.121875 0.140625
0 0.715625 0.18828125 0.1515625 0.1765625
0 0.58359375 0.28671875 0.1796875 0.2171875
0 0.5140625 0.45546875 0.2671875 0.3203125
>>>>>>> c9556306391b7ee450ce0db69384df37c899f0a7
0 0.18203125 0.77734375 0.3328125 0.4453125