1 0.96875 0.34609375 0.0625 0.0921875
1 0.8828125 0.3078125 0.0640625 0.0734375
1 0.8140625 0.28125 0.059375 0.0625
1 0.77265625 0.25546875 0.0578125 0.0625
1 0.7375 0.23046875 0.04375 0.0484375
1 0.7578125 0.2015625 0.025 0.0265625
1 0.72890625 0.23359375 0.0515625 0.046875
1 0.76171875 0.2203125 0.0328125 0.03125
1 0.78515625 0.215625 0.03125 0.0359375
1 0.7234375 0.190625 0.0265625 0.0265625
1 0.70703125 0.18671875 0.025 0.028125
1 0.684375 0.1828125 0.0171875 0.028125
1 0.64765625 0.171875 0.0234375 0.0265625
1 0.6125 0.16796875 0.0265625 0.0265625
1 0.57265625 0.1515625 0.01875 0.0140625
1 0.53203125 0.14609375 0.01875 0.0234375
1 0.49296875 0.1375 0.015625 0.015625
1 0.42578125 0.121875 0.0109375 0.0078125
1 0.3421875 0.10234375 0.021875 0.0234375
1 0.253125 0.08984375 0.0203125 0.0234375
1 0.1765625 0.06875 0.0265625 0.021875
1 0.09921875 0.05546875 0.0234375 0.021875
0 0.0828125 0.05703125 0.0171875 0.03125
0 0.19375 0.08515625 0.03125 0.0390625
0 0.29921875 0.10234375 0.0265625 0.025
0 0.4078125 0.12265625 0.021875 0.028125
0 0.4734375 0.14765625 0.028125 0.028125
0 0.45859375 0.14375 0.0296875 0.0296875
0 0.434375 0.14140625 0.0265625 0.028125
0 0.4109375 0.13984375 0.0328125 0.0328125
0 0.36796875 0.134375 0.0375 0.034375
0 0.32265625 0.13125 0.040625 0.046875
0 0.2953125 0.1296875 0.0421875 0.0390625
0 0.2609375 0.13203125 0.0453125 0.040625
0 0.22265625 0.1265625 0.0453125 0.0453125
0 0.2 0.13515625 0.0453125 0.0484375
0 0.17578125 0.13828125 0.0546875 0.0453125
0 0.14765625 0.1515625 0.0640625 0.053125
0 0.1125 0.1578125 0.0734375 0.0765625
0 0.0734375 0.18984375 0.05625 0.0890625