0 0.14921875 0.425 0.1546875 0.153125
0 0.41484375 0.30234375 0.1421875 0.14375
0 0.6953125 0.17890625 0.165625 0.1578125
0 0.86875 0.15390625 0.0796875 0.1171875
1 0.7671875 0.02421875 0.090625 0.0484375
1 0.64140625 0.04375 0.0828125 0.0875
1 0.525 0.09296875 0.0765625 0.0828125
1 0.43203125 0.13203125 0.065625 0.0734375
1 0.33671875 0.17421875 0.0625 0.06875
1 0.22265625 0.21953125 0.0609375 0.065625
1 0.1359375 0.26171875 0.0734375 0.0796875
1 0.046875 0.3109375 0.08125 0.0765625
1 0.0203125 0.3734375 0.040625 0.0875