0 0.87109375 0.10859375 0.02578125 0.0265625
0 0.7171875 0.10703125 0.02578125 0.0296875
1 0.71796875 0.08359375 0.0265625 0.01953125
1 0.796875 0.08984375 0.01875 0.02578125
1 0.87265625 0.08671875 0.02265625 0.01640625
1 0.61640625 0.08828125 0.021875 0.0296875
1 0.534375 0.08046875 0.02578125 0.0140625
1 0.434375 0.078125 0.0203125 0.02109375
0 0.40546875 0.1015625 0.03125 0.03671875
0 0.5359375 0.1015625 0.0265625 0.03203125
1 0.365625 0.08359375 0.01796875 0.0265625
0 0.321875 0.09921875 0.021875 0.0328125
1 0.32109375 0.0765625 0.025 0.01328125
1 0.26953125 0.0796875 0.0203125 0.025
1 0.15703125 0.0828125 0.0234375 0.015625
0 0.1578125 0.11171875 0.0296875 0.0453125
0 0.20625 0.1078125 0.034375 0.03828125
0 0.284375 0.1046875 0.03125 0.03359375
0 0.07890625 0.11640625 0.03671875 0.05078125
0 0.021875 0.12109375 0.04296875 0.0421875
1 0.05 0.08671875 0.0265625 0.02734375
1 0.00546875 0.08828125 0.0109375 0.02109375
0 0.034375 0.1859375 0.06875 0.0921875
0 0.08671875 0.2140625 0.090625 0.1125
0 0.2046875 0.2671875 0.10703125 0.14453125
0 0.35390625 0.321875 0.1421875 0.190625
0 0.471875 0.4609375 0.2 0.28046875
0 0.88984375 0.68046875 0.2203125 0.4234375