<<<<<<< HEAD
1 0.19921875 0.4375 0.1578125 0.15546875
1 0.5203125 0.28828125 0.09140625 0.09609375
1 0.6640625 0.21875 0.07265625 0.0671875
1 0.75703125 0.1703125 0.05 0.0421875
1 0.815625 0.1609375 0.0515625 0.0515625
1 0.86953125 0.1421875 0.0390625 0.03671875
1 0.9140625 0.1203125 0.0359375 0.0375
1 0.946875 0.1109375 0.0328125 0.040625
1 0.97265625 0.10390625 0.03203125 0.03046875
=======
1 0.19921875 0.4375 0.1578125 0.15546875
1 0.5203125 0.28828125 0.09140625 0.09609375
1 0.6640625 0.21875 0.07265625 0.0671875
1 0.75703125 0.1703125 0.05 0.0421875
1 0.815625 0.1609375 0.0515625 0.0515625
1 0.86953125 0.1421875 0.0390625 0.03671875
1 0.9140625 0.1203125 0.0359375 0.0375
1 0.946875 0.1109375 0.0328125 0.040625
1 0.97265625 0.10390625 0.03203125 0.03046875
>>>>>>> c9556306391b7ee450ce0db69384df37c899f0a7
1 0.9921875 0.10234375 0.01484375 0.0296875