1 0.94921875 0.603125 0.1015625 0.171875
1 0.9140625 0.49921875 0.146875 0.1484375
1 0.90625 0.4515625 0.1 0.1015625
1 0.92734375 0.43671875 0.0890625 0.0984375
1 0.92578125 0.41953125 0.0921875 0.1046875
1 0.91484375 0.390625 0.0734375 0.0859375
1 0.90546875 0.35078125 0.0484375 0.0515625
1 0.8953125 0.340625 0.0484375 0.05625
1 0.8625 0.31328125 0.0453125 0.0484375
1 0.81484375 0.2890625 0.040625 0.0421875
1 0.77265625 0.27265625 0.0421875 0.04375
1 0.74921875 0.2515625 0.0421875 0.0453125
1 0.68828125 0.23203125 0.034375 0.0328125
1 0.63671875 0.20078125 0.03125 0.0296875
1 0.584375 0.1796875 0.05 0.04375
1 0.52734375 0.15078125 0.0390625 0.0359375
1 0.46953125 0.12421875 0.0359375 0.0328125
0 0.39453125 0.134375 0.0609375 0.0625
0 0.37734375 0.1125 0.046875 0.0453125
0 0.3484375 0.11796875 0.0671875 0.0640625
0 0.3 0.07578125 0.0546875 0.053125
0 0.2890625 0.10078125 0.0640625 0.0625
0 0.196875 0.0765625 0.0890625 0.084375