0 0.7796875 0.165625 0.1 0.096875
0 0.6578125 0.165625 0.065625 0.0578125
0 0.57578125 0.1625 0.0546875 0.05625
0 0.5359375 0.1609375 0.0453125 0.0453125
0 0.50234375 0.15625 0.034375 0.040625
0 0.478125 0.15859375 0.0296875 0.0265625
0 0.4578125 0.1546875 0.0296875 0.0328125
0 0.4390625 0.15390625 0.0234375 0.0234375
0 0.4265625 0.15859375 0.0203125 0.0203125
0 0.41171875 0.15703125 0.021875 0.021875
1 0.0046875 0.31328125 0.009375 0.0234375
1 0.19375 0.23046875 0.021875 0.0234375
1 0.178125 0.23828125 0.01875 0.01875
1 0.16328125 0.24609375 0.028125 0.028125
1 0.146875 0.26171875 0.0328125 0.028125
1 0.1296875 0.271875 0.0359375 0.03125
1 0.1 0.2890625 0.0390625 0.0390625
1 0.06796875 0.3140625 0.0578125 0.05
1 0.0359375 0.3484375 0.053125 0.05
1 0.0140625 0.39765625 0.028125 0.0671875