0 0.9265625 0.51328125 0.146875 0.2046875
0 0.43828125 0.328125 0.1046875 0.121875
0 0.2328125 0.27421875 0.08046875 0.0734375
0 0.115625 0.22734375 0.06640625 0.05625
0 0.02578125 0.209375 0.0515625 0.05625
1 0.83828125 0.2125 0.059375 0.05078125
1 0.65703125 0.1859375 0.040625 0.040625
1 0.51484375 0.17890625 0.0375 0.040625
1 0.42265625 0.16796875 0.03359375 0.03828125
1 0.36015625 0.1640625 0.03203125 0.0359375
1 0.30703125 0.1640625 0.03671875 0.0421875
1 0.2453125 0.1640625 0.03125 0.03671875
1 0.17734375 0.16328125 0.0265625 0.034375
1 0.11015625 0.16484375 0.03046875 0.0328125
1 0.059375 0.165625 0.03125 0.03046875
1 0.00703125 0.16796875 0.0140625 0.03203125