<<<<<<< HEAD
1 0.94453125 0.27734375 0.0546875 0.0921875
1 0.79765625 0.22109375 0.0890625 0.0875
1 0.6828125 0.20078125 0.0671875 0.0703125
1 0.61875 0.18984375 0.046875 0.053125
1 0.5734375 0.184375 0.0375 0.040625
1 0.53984375 0.17578125 0.0328125 0.0359375
1 0.5171875 0.16875 0.0296875 0.03125
1 0.490625 0.17109375 0.028125 0.0296875
0 0.01796875 0.3203125 0.0359375 0.075
0 0.0609375 0.290625 0.0515625 0.0453125
0 0.1046875 0.259375 0.0421875 0.0375
0 0.13984375 0.2375 0.034375 0.0359375
0 0.17109375 0.2328125 0.034375 0.034375
=======
1 0.94453125 0.27734375 0.0546875 0.0921875
1 0.79765625 0.22109375 0.0890625 0.0875
1 0.6828125 0.20078125 0.0671875 0.0703125
1 0.61875 0.18984375 0.046875 0.053125
1 0.5734375 0.184375 0.0375 0.040625
1 0.53984375 0.17578125 0.0328125 0.0359375
1 0.5171875 0.16875 0.0296875 0.03125
1 0.490625 0.17109375 0.028125 0.0296875
0 0.01796875 0.3203125 0.0359375 0.075
0 0.0609375 0.290625 0.0515625 0.0453125
0 0.1046875 0.259375 0.0421875 0.0375
0 0.13984375 0.2375 0.034375 0.0359375
0 0.17109375 0.2328125 0.034375 0.034375
>>>>>>> c9556306391b7ee450ce0db69384df37c899f0a7
0 0.1953125 0.2203125 0.0296875 0.028125