0 0.4921875 0.36328125 0.1375 0.1828125
0 0.33515625 0.4640625 0.1890625 0.2484375
0 0.33125 0.39921875 0.17890625 0.2140625
0 0.09296875 0.4453125 0.1859375 0.2484375
0 0.9328125 0.16640625 0.0515625 0.06796875
0 0.86484375 0.14296875 0.0390625 0.04765625
0 0.8234375 0.1234375 0.0234375 0.03515625
0 0.84375 0.11640625 0.02578125 0.0453125
0 0.85703125 0.12109375 0.02421875 0.04140625
0 0.86875 0.109375 0.01796875 0.02734375
0 0.80390625 0.09375 0.0125 0.021875
0 0.81953125 0.103125 0.0171875 0.03203125
1 0.97265625 0.09453125 0.01328125 0.01875
1 0.959375 0.0859375 0.009375 0.0125
1 0.9953125 0.09609375 0.009375 0.01953125