1 0.01796875 0.3578125 0.0359375 0.075
1 0.0859375 0.3234375 0.0734375 0.075
1 0.16796875 0.29453125 0.065625 0.0625
1 0.28515625 0.25390625 0.0640625 0.0703125
1 0.41328125 0.22421875 0.053125 0.0515625
1 0.49609375 0.19375 0.0609375 0.0625
1 0.61640625 0.15859375 0.0609375 0.0703125
1 0.7296875 0.1296875 0.0609375 0.0640625
1 0.86875 0.09296875 0.0609375 0.0671875
0 0.8515625 0.29140625 0.1875 0.1890625
0 0.61796875 0.3265625 0.1625 0.1625
0 0.340625 0.40859375 0.1453125 0.14375
0 0.0671875 0.5078125 0.134375 0.153125