0 0.93671875 0.21484375 0.065625 0.0453125
0 0.8609375 0.1875 0.0484375 0.0453125
0 0.81484375 0.1765625 0.03125 0.03125
0 0.78046875 0.1640625 0.034375 0.0375
0 0.75390625 0.1609375 0.0234375 0.0203125
0 0.73828125 0.1515625 0.021875 0.025
0 0.71875 0.14609375 0.01875 0.0203125
0 0.70234375 0.14765625 0.0203125 0.01875
0 0.6859375 0.14375 0.01875 0.021875
1 0.46015625 0.15078125 0.0171875 0.0171875
1 0.44609375 0.15234375 0.0203125 0.01875
1 0.43515625 0.159375 0.021875 0.0203125
1 0.41796875 0.16171875 0.021875 0.0234375
1 0.40234375 0.16953125 0.0265625 0.0296875
1 0.3765625 0.178125 0.034375 0.034375
1 0.34921875 0.1875 0.040625 0.0421875
1 0.31328125 0.20625 0.0453125 0.0390625
1 0.2515625 0.23125 0.0578125 0.053125
1 0.14765625 0.25859375 0.078125 0.06875
1 0.1984375 0.14921875 0.0203125 0.0203125