1 0.95078125 0.32109375 0.0984375 0.1203125
1 0.8609375 0.27421875 0.0859375 0.0875
1 0.784375 0.2328125 0.078125 0.08125
1 0.69921875 0.20546875 0.0734375 0.0703125
1 0.63359375 0.18203125 0.059375 0.0671875
1 0.565625 0.15859375 0.0578125 0.0671875
1 0.52421875 0.1421875 0.0546875 0.05625
1 0.453125 0.125 0.0484375 0.053125
1 0.403125 0.11015625 0.046875 0.0484375
1 0.37265625 0.10078125 0.0359375 0.0359375
1 0.32890625 0.0890625 0.034375 0.0390625
1 0.2921875 0.0796875 0.03125 0.03125
1 0.2625 0.06953125 0.025 0.0296875
1 0.22421875 0.034375 0.0171875 0.0171875
1 0.23828125 0.040625 0.0171875 0.021875
1 0.24921875 0.06875 0.01875 0.0203125
1 0.24453125 0.0609375 0.01875 0.0203125