<<<<<<< HEAD
0 0.50703125 0.28125 0.11640625 0.1125
0 0.06640625 0.25390625 0.09453125 0.10546875
1 0.03515625 0.146875 0.04609375 0.05078125
1 0.20234375 0.1421875 0.05 0.0421875
1 0.38125 0.15546875 0.04609375 0.05
1 0.6140625 0.159375 0.04609375 0.05078125
=======
0 0.50703125 0.28125 0.11640625 0.1125
0 0.06640625 0.25390625 0.09453125 0.10546875
1 0.03515625 0.146875 0.04609375 0.05078125
1 0.20234375 0.1421875 0.05 0.0421875
1 0.38125 0.15546875 0.04609375 0.05
1 0.6140625 0.159375 0.04609375 0.05078125
>>>>>>> c9556306391b7ee450ce0db69384df37c899f0a7
1 0.8640625 0.16328125 0.05234375 0.06875