<<<<<<< HEAD
0 0.98359375 0.46796875 0.0328125 0.1203125
0 0.97265625 0.4328125 0.0546875 0.109375
0 0.95390625 0.2921875 0.028125 0.025
0 0.959375 0.39375 0.08125 0.0875
0 0.93828125 0.36015625 0.0625 0.0671875
0 0.92734375 0.33359375 0.05625 0.0640625
0 0.91484375 0.31328125 0.0453125 0.053125
0 0.8625 0.25078125 0.028125 0.0265625
0 0.9 0.3015625 0.0375 0.0390625
0 0.86953125 0.2890625 0.040625 0.0421875
0 0.84140625 0.27421875 0.0390625 0.0328125
0 0.815625 0.25859375 0.040625 0.034375
0 0.78671875 0.24375 0.034375 0.0328125
0 0.753125 0.2265625 0.0296875 0.0328125
0 0.7296875 0.2203125 0.025 0.028125
0 0.71171875 0.20625 0.0203125 0.0203125
0 0.69453125 0.2015625 0.021875 0.021875
1 0.82890625 0.234375 0.0296875 0.025
1 0.903125 0.2671875 0.021875 0.021875
1 0.97890625 0.2890625 0.0234375 0.021875
1 0.68671875 0.1859375 0.01875 0.0203125
1 0.64921875 0.17578125 0.0265625 0.021875
1 0.6109375 0.1640625 0.0234375 0.021875
1 0.5765625 0.15078125 0.028125 0.0234375
1 0.53984375 0.1375 0.0234375 0.01875
1 0.5078125 0.128125 0.025 0.021875
1 0.4890625 0.121875 0.021875 0.0203125
1 0.46953125 0.11640625 0.021875 0.0234375
1 0.44453125 0.10859375 0.0234375 0.021875
1 0.4171875 0.10625 0.028125 0.028125
1 0.4234375 0.11875 0.0296875 0.0328125
1 0.45 0.1453125 0.0359375 0.040625
1 0.46171875 0.1421875 0.0359375 0.040625
1 0.43515625 0.14453125 0.046875 0.0484375
1 0.41484375 0.15 0.0546875 0.0546875
1 0.37421875 0.14140625 0.0609375 0.065625
1 0.31484375 0.134375 0.0703125 0.0765625
1 0.2265625 0.12109375 0.08125 0.084375
=======
0 0.98359375 0.46796875 0.0328125 0.1203125
0 0.97265625 0.4328125 0.0546875 0.109375
0 0.95390625 0.2921875 0.028125 0.025
0 0.959375 0.39375 0.08125 0.0875
0 0.93828125 0.36015625 0.0625 0.0671875
0 0.92734375 0.33359375 0.05625 0.0640625
0 0.91484375 0.31328125 0.0453125 0.053125
0 0.8625 0.25078125 0.028125 0.0265625
0 0.9 0.3015625 0.0375 0.0390625
0 0.86953125 0.2890625 0.040625 0.0421875
0 0.84140625 0.27421875 0.0390625 0.0328125
0 0.815625 0.25859375 0.040625 0.034375
0 0.78671875 0.24375 0.034375 0.0328125
0 0.753125 0.2265625 0.0296875 0.0328125
0 0.7296875 0.2203125 0.025 0.028125
0 0.71171875 0.20625 0.0203125 0.0203125
0 0.69453125 0.2015625 0.021875 0.021875
1 0.82890625 0.234375 0.0296875 0.025
1 0.903125 0.2671875 0.021875 0.021875
1 0.97890625 0.2890625 0.0234375 0.021875
1 0.68671875 0.1859375 0.01875 0.0203125
1 0.64921875 0.17578125 0.0265625 0.021875
1 0.6109375 0.1640625 0.0234375 0.021875
1 0.5765625 0.15078125 0.028125 0.0234375
1 0.53984375 0.1375 0.0234375 0.01875
1 0.5078125 0.128125 0.025 0.021875
1 0.4890625 0.121875 0.021875 0.0203125
1 0.46953125 0.11640625 0.021875 0.0234375
1 0.44453125 0.10859375 0.0234375 0.021875
1 0.4171875 0.10625 0.028125 0.028125
1 0.4234375 0.11875 0.0296875 0.0328125
1 0.45 0.1453125 0.0359375 0.040625
1 0.46171875 0.1421875 0.0359375 0.040625
1 0.43515625 0.14453125 0.046875 0.0484375
1 0.41484375 0.15 0.0546875 0.0546875
1 0.37421875 0.14140625 0.0609375 0.065625
1 0.31484375 0.134375 0.0703125 0.0765625
1 0.2265625 0.12109375 0.08125 0.084375
>>>>>>> c9556306391b7ee450ce0db69384df37c899f0a7
1 0.16015625 0.1078125 0.0859375 0.08125