0 0.0078125 0.14375 0.015625 0.025
0 0.121875 0.1484375 0.02734375 0.02265625
0 0.22734375 0.14765625 0.02421875 0.021875
0 0.38984375 0.159375 0.025 0.0296875
0 0.4140625 0.16171875 0.01875 0.02109375
0 0.36484375 0.159375 0.02265625 0.028125
0 0.340625 0.16328125 0.02734375 0.040625
0 0.29609375 0.1640625 0.0296875 0.03046875
0 0.26171875 0.17109375 0.03046875 0.034375
0 0.22890625 0.17890625 0.03515625 0.03984375
0 0.1953125 0.18359375 0.03203125 0.03125
0 0.1546875 0.18671875 0.0375 0.03984375
0 0.13046875 0.1953125 0.03828125 0.03671875
0 0.109375 0.20859375 0.04375 0.03515625
0 0.08671875 0.225 0.05078125 0.0390625
0 0.05390625 0.2390625 0.0609375 0.0625
0 0.02265625 0.2765625 0.04453125 0.084375
1 0.996875 0.2953125 0.00625 0.0359375
1 0.94296875 0.26015625 0.06953125 0.071875
1 0.83828125 0.2359375 0.0609375 0.0625
1 0.7640625 0.2234375 0.04453125 0.053125
1 0.71953125 0.2125 0.04375 0.04921875
1 0.69375 0.2 0.0359375 0.03828125
1 0.6796875 0.1890625 0.04140625 0.04375
1 0.69375 0.15234375 0.02109375 0.03125
1 0.70078125 0.18046875 0.03046875 0.03203125
1 0.72578125 0.178125 0.0359375 0.03203125
1 0.6640625 0.15390625 0.02109375 0.0234375
1 0.64140625 0.15078125 0.01484375 0.025
1 0.61953125 0.153125 0.015625 0.02109375
1 0.58359375 0.15234375 0.01796875 0.02109375
1 0.54296875 0.1484375 0.01796875 0.02109375
1 0.509375 0.14921875 0.02421875 0.0203125
1 0.46328125 0.14765625 0.0203125 0.01953125
1 0.26875 0.1421875 0.0140625 0.015625
1 0.18046875 0.146875 0.015625 0.01328125
1 0.09921875 0.14296875 0.015625 0.021875
1 0.35234375 0.14375 0.0140625 0.01640625
1 0.42109375 0.14765625 0.0234375 0.02109375