1 0.97421875 0.45 0.0515625 0.121875
1 0.8875 0.35078125 0.084375 0.084375
1 0.81953125 0.309375 0.0640625 0.0578125
1 0.765625 0.26875 0.040625 0.0390625
1 0.72734375 0.24296875 0.0390625 0.0421875
1 0.70078125 0.22421875 0.0359375 0.0375
1 0.678125 0.2125 0.021875 0.021875
1 0.66796875 0.21171875 0.0203125 0.021875
1 0.65859375 0.20625 0.01875 0.0234375
1 0.6546875 0.20234375 0.028125 0.03125
1 0.6421875 0.190625 0.0203125 0.0203125
1 0.63359375 0.18671875 0.0140625 0.015625
1 0.62890625 0.1859375 0.01875 0.01875
1 0.61875 0.1796875 0.028125 0.025
0 0.43671875 0.1359375 0.015625 0.015625
0 0.43203125 0.13828125 0.0125 0.01875
0 0.42734375 0.1359375 0.01875 0.015625
0 0.41953125 0.1359375 0.0140625 0.0140625
0 0.4109375 0.134375 0.0125 0.015625
0 0.40234375 0.13671875 0.0171875 0.01875
0 0.39140625 0.13828125 0.0203125 0.0265625
0 0.36796875 0.1453125 0.0234375 0.0265625
0 0.35 0.15078125 0.025 0.0265625
0 0.32890625 0.1546875 0.0328125 0.0359375
0 0.29296875 0.16171875 0.034375 0.0296875
0 0.2390625 0.1625 0.0484375 0.0453125
0 0.16484375 0.16796875 0.065625 0.0578125
0 0.05859375 0.1953125 0.01875 0.0515625
1 0.79375 0.2046875 0.0140625 0.01875