1 0.1671875 0.146875 0.02890625 0.02265625
1 0.10078125 0.2640625 0.08359375 0.065625
1 0.21796875 0.228125 0.05703125 0.0484375
1 0.28984375 0.20859375 0.0453125 0.03828125
1 0.31796875 0.1890625 0.02734375 0.03046875
1 0.35 0.17578125 0.0265625 0.0296875
1 0.375 0.16953125 0.021875 0.02578125
1 0.39375 0.1609375 0.021875 0.01875
1 0.40859375 0.16015625 0.01484375 0.0140625
1 0.42421875 0.1515625 0.01171875 0.0171875
1 0.43828125 0.15390625 0.01640625 0.01796875
0 0.66328125 0.14921875 0.01484375 0.01953125
0 0.6796875 0.1515625 0.02109375 0.0171875
0 0.696875 0.15625 0.01796875 0.01796875
0 0.71875 0.1625 0.021875 0.015625
0 0.73515625 0.16875 0.0265625 0.01796875
0 0.759375 0.17578125 0.02421875 0.0296875
0 0.80234375 0.18125 0.03671875 0.03203125
0 0.8515625 0.2046875 0.046875 0.04765625
0 0.9328125 0.2328125 0.0609375 0.05234375