1 0.003125 0.2 0.00625 0.03125
1 0.1078125 0.203125 0.05625 0.059375
1 0.20546875 0.18828125 0.05625 0.04375
1 0.29453125 0.1875 0.053125 0.0484375
1 0.3734375 0.1890625 0.04375 0.040625
1 0.41875 0.1765625 0.040625 0.0375
1 0.45546875 0.17421875 0.03125 0.0421875
1 0.4890625 0.1671875 0.034375 0.0328125
1 0.51640625 0.16953125 0.028125 0.0328125
1 0.5515625 0.16328125 0.021875 0.0296875
1 0.5734375 0.16328125 0.025 0.0296875
1 0.60234375 0.1609375 0.0265625 0.0296875
1 0.6359375 0.1640625 0.0265625 0.0265625
1 0.66171875 0.15859375 0.01875 0.028125
1 0.6921875 0.1578125 0.021875 0.03125
1 0.72578125 0.1578125 0.021875 0.021875
1 0.76171875 0.1578125 0.01875 0.0234375
1 0.7953125 0.1578125 0.0203125 0.021875
1 0.83203125 0.15390625 0.021875 0.025
1 0.86875 0.15625 0.0234375 0.0265625
0 0.971875 0.17734375 0.025 0.028125
0 0.94921875 0.18125 0.028125 0.0265625
0 0.9234375 0.1765625 0.028125 0.034375
0 0.9046875 0.18984375 0.025 0.0296875
0 0.8875 0.1953125 0.0296875 0.0375
0 0.878125 0.2 0.040625 0.0359375
0 0.85546875 0.21484375 0.046875 0.040625
0 0.83984375 0.22109375 0.040625 0.040625
0 0.81015625 0.23203125 0.053125 0.0515625
0 0.75703125 0.24296875 0.0640625 0.0625
0 0.6703125 0.2640625 0.065625 0.0578125
0 0.55859375 0.28046875 0.0765625 0.0703125
0 0.39609375 0.29453125 0.0921875 0.09375
0 0.1875 0.30546875 0.10625 0.0984375