0 0.946875 0.2140625 0.06484375 0.046875
0 0.859375 0.1859375 0.0484375 0.04453125
0 0.80546875 0.1734375 0.04296875 0.03125
0 0.76171875 0.16015625 0.03046875 0.02890625
0 0.7390625 0.1484375 0.02578125 0.0203125
0 0.71328125 0.14375 0.02109375 0.028125
0 0.7015625 0.14453125 0.0125 0.01796875
0 0.68671875 0.13671875 0.025 0.01875
0 0.67109375 0.13359375 0.0203125 0.021875
0 0.66015625 0.13046875 0.01171875 0.01796875
0 0.64609375 0.13046875 0.01328125 0.0140625
1 0.2125 0.1421875 0.02265625 0.02265625
1 0.1765625 0.24296875 0.065625 0.0640625
1 0.25390625 0.209375 0.05625 0.04921875
1 0.040625 0.31640625 0.078125 0.08046875
1 0.30703125 0.196875 0.03828125 0.04453125
1 0.34296875 0.18125 0.03203125 0.0390625
1 0.36875 0.171875 0.040625 0.03984375
1 0.38828125 0.16484375 0.02734375 0.03125
1 0.4015625 0.15859375 0.02578125 0.02265625
1 0.4109375 0.1546875 0.02578125 0.0265625
1 0.421875 0.14765625 0.021875 0.025
1 0.43125 0.1453125 0.0140625 0.015625
1 0.44765625 0.1390625 0.0140625 0.0171875