0 0.990625 0.40234375 0.01875 0.0671875
0 0.95078125 0.34375 0.0609375 0.059375
0 0.90546875 0.31171875 0.0515625 0.0453125
0 0.8703125 0.2828125 0.0390625 0.0375
0 0.853125 0.26328125 0.03125 0.028125
0 0.83125 0.24921875 0.0296875 0.034375
0 0.8203125 0.24609375 0.01875 0.021875
0 0.809375 0.2328125 0.0296875 0.0265625
0 0.79609375 0.22421875 0.0265625 0.028125
0 0.78671875 0.2171875 0.0171875 0.0203125
0 0.77421875 0.21171875 0.0171875 0.01875
1 0.3671875 0.06015625 0.0296875 0.0296875
1 0.29609375 0.140625 0.084375 0.084375
1 0.38046875 0.13828125 0.0703125 0.0671875
1 0.14296875 0.1578125 0.103125 0.103125
1 0.434375 0.146875 0.0515625 0.05625
1 0.4734375 0.1453125 0.04375 0.0484375
1 0.5015625 0.146875 0.053125 0.0515625
1 0.521875 0.14765625 0.0375 0.0390625
1 0.53671875 0.146875 0.0328125 0.03125
1 0.546875 0.14609375 0.034375 0.034375
1 0.559375 0.14375 0.0296875 0.03125
1 0.56875 0.1453125 0.01875 0.0203125
1 0.58671875 0.14609375 0.01875 0.021875