<<<<<<< HEAD
1 0.93203125 0.13828125 0.06875 0.0796875
1 0.8453125 0.1359375 0.0578125 0.0734375
1 0.77578125 0.13203125 0.05 0.0625
1 0.71328125 0.12890625 0.0453125 0.0515625
1 0.65859375 0.12421875 0.04375 0.0515625
1 0.6078125 0.128125 0.040625 0.0453125
1 0.55859375 0.12578125 0.0421875 0.05
1 0.5171875 0.125 0.0390625 0.0453125
1 0.4765625 0.1265625 0.03125 0.0390625
1 0.4359375 0.128125 0.0265625 0.0375
1 0.39765625 0.13046875 0.0328125 0.0296875
1 0.3484375 0.1328125 0.0234375 0.0296875
1 0.3078125 0.13671875 0.025 0.028125
1 0.259375 0.13828125 0.034375 0.034375
1 0.2125 0.1421875 0.0265625 0.0296875
0 0.00546875 0.184375 0.0109375 0.034375
0 0.00859375 0.18671875 0.0171875 0.0328125
0 0.034375 0.18515625 0.0375 0.040625
0 0.07421875 0.184375 0.0375 0.046875
0 0.10703125 0.184375 0.0296875 0.0453125
0 0.11953125 0.1890625 0.0265625 0.0421875
0 0.1359375 0.19140625 0.0328125 0.046875
0 0.15625 0.203125 0.04375 0.0515625
0 0.171875 0.22265625 0.05625 0.0640625
0 0.1859375 0.24453125 0.075 0.075
0 0.2046875 0.2875 0.09375 0.090625
0 0.23671875 0.3203125 0.1046875 0.1078125
0 0.284375 0.3796875 0.15 0.1453125
0 0.41640625 0.47265625 0.2109375 0.2375
=======
1 0.93203125 0.13828125 0.06875 0.0796875
1 0.8453125 0.1359375 0.0578125 0.0734375
1 0.77578125 0.13203125 0.05 0.0625
1 0.71328125 0.12890625 0.0453125 0.0515625
1 0.65859375 0.12421875 0.04375 0.0515625
1 0.6078125 0.128125 0.040625 0.0453125
1 0.55859375 0.12578125 0.0421875 0.05
1 0.5171875 0.125 0.0390625 0.0453125
1 0.4765625 0.1265625 0.03125 0.0390625
1 0.4359375 0.128125 0.0265625 0.0375
1 0.39765625 0.13046875 0.0328125 0.0296875
1 0.3484375 0.1328125 0.0234375 0.0296875
1 0.3078125 0.13671875 0.025 0.028125
1 0.259375 0.13828125 0.034375 0.034375
1 0.2125 0.1421875 0.0265625 0.0296875
0 0.00546875 0.184375 0.0109375 0.034375
0 0.00859375 0.18671875 0.0171875 0.0328125
0 0.034375 0.18515625 0.0375 0.040625
0 0.07421875 0.184375 0.0375 0.046875
0 0.10703125 0.184375 0.0296875 0.0453125
0 0.11953125 0.1890625 0.0265625 0.0421875
0 0.1359375 0.19140625 0.0328125 0.046875
0 0.15625 0.203125 0.04375 0.0515625
0 0.171875 0.22265625 0.05625 0.0640625
0 0.1859375 0.24453125 0.075 0.075
0 0.2046875 0.2875 0.09375 0.090625
0 0.23671875 0.3203125 0.1046875 0.1078125
0 0.284375 0.3796875 0.15 0.1453125
0 0.41640625 0.47265625 0.2109375 0.2375
>>>>>>> c9556306391b7ee450ce0db69384df37c899f0a7
0 0.8109375 0.71875 0.35 0.390625