1 0.03125 0.2703125 0.034375 0.0875
1 0.08203125 0.24609375 0.0796875 0.096875
1 0.14453125 0.22109375 0.065625 0.065625
1 0.18671875 0.21328125 0.04375 0.0515625
1 0.275 0.2046875 0.0421875 0.0515625
1 0.35234375 0.19921875 0.0484375 0.0453125
1 0.4125 0.19765625 0.0375 0.0453125
1 0.4546875 0.1984375 0.040625 0.040625
1 0.5359375 0.20078125 0.0390625 0.0359375
1 0.61015625 0.20625 0.0390625 0.03125
1 0.69296875 0.2 0.0375 0.034375
1 0.77578125 0.209375 0.0359375 0.0359375
1 0.86328125 0.2171875 0.040625 0.040625
1 0.9875 0.23125 0.025 0.04375
0 0.9859375 0.2703125 0.028125 0.059375
0 0.9609375 0.290625 0.071875 0.053125