1 0.03828125 0.225 0.07578125 0.08125
1 0.1078125 0.1953125 0.0734375 0.0640625
1 0.190625 0.17890625 0.06171875 0.059375
1 0.2578125 0.16640625 0.04765625 0.06640625
1 0.3234375 0.15859375 0.04609375 0.05546875
1 0.3640625 0.15 0.0375 0.04375
1 0.4171875 0.1484375 0.0359375 0.0359375
1 0.47421875 0.140625 0.02734375 0.028125
1 0.50390625 0.14375 0.025 0.03359375
1 0.54453125 0.13359375 0.02578125 0.03515625
1 0.584375 0.11015625 0.02265625 0.025
1 0.6 0.12578125 0.0234375 0.0234375
1 0.61953125 0.12734375 0.02578125 0.0234375
1 0.63203125 0.10625 0.01796875 0.0203125
1 0.65546875 0.10703125 0.01328125 0.01484375
1 0.5734375 0.1328125 0.0296875 0.0359375
1 0.68515625 0.1078125 0.015625 0.01328125
1 0.71640625 0.109375 0.0140625 0.01484375
1 0.7515625 0.10859375 0.0140625 0.01328125
1 0.7859375 0.1109375 0.0140625 0.015625
0 0.8078125 0.11484375 0.01953125 0.0125
0 0.81953125 0.11875 0.015625 0.0171875
0 0.83515625 0.1203125 0.0203125 0.01953125
0 0.85390625 0.12421875 0.02421875 0.02265625
0 0.87421875 0.12265625 0.03046875 0.02265625
0 0.89453125 0.12734375 0.0171875 0.025
0 0.921875 0.1296875 0.025 0.02421875
0 0.94453125 0.1390625 0.028125 0.02734375
0 0.98046875 0.146875 0.0375 0.03515625
0 0.96328125 0.1796875 0.06015625 0.053125
0 0.96875 0.21484375 0.0625 0.084375
1 0.96015625 0.1171875 0.01875 0.0234375