<<<<<<< HEAD
0 0.6328125 0.3234375 0.1578125 0.1390625
0 0.83984375 0.23671875 0.1640625 0.1625
0 0.81953125 0.0140625 0.0234375 0.025
0 0.7484375 0.02890625 0.0203125 0.0171875
0 0.6859375 0.0421875 0.0171875 0.0203125
0 0.62734375 0.0578125 0.015625 0.015625
0 0.5734375 0.06953125 0.0140625 0.015625
0 0.52421875 0.08359375 0.0109375 0.0125
0 0.4796875 0.0921875 0.0140625 0.0140625
0 0.4328125 0.10234375 0.0171875 0.0171875
0 0.396875 0.1140625 0.0109375 0.0140625
0 0.3640625 0.12109375 0.015625 0.0140625
1 0.4640625 0.09296875 0.0140625 0.015625
1 0.49921875 0.08359375 0.0125 0.015625
1 0.540625 0.07421875 0.0171875 0.0171875
1 0.5828125 0.06328125 0.0140625 0.015625
1 0.6734375 0.03984375 0.015625 0.015625
1 0.72265625 0.028125 0.0140625 0.0140625
1 0.77265625 0.01875 0.01875 0.0171875
=======
0 0.6328125 0.3234375 0.1578125 0.1390625
0 0.83984375 0.23671875 0.1640625 0.1625
0 0.81953125 0.0140625 0.0234375 0.025
0 0.7484375 0.02890625 0.0203125 0.0171875
0 0.6859375 0.0421875 0.0171875 0.0203125
0 0.62734375 0.0578125 0.015625 0.015625
0 0.5734375 0.06953125 0.0140625 0.015625
0 0.52421875 0.08359375 0.0109375 0.0125
0 0.4796875 0.0921875 0.0140625 0.0140625
0 0.4328125 0.10234375 0.0171875 0.0171875
0 0.396875 0.1140625 0.0109375 0.0140625
0 0.3640625 0.12109375 0.015625 0.0140625
1 0.4640625 0.09296875 0.0140625 0.015625
1 0.49921875 0.08359375 0.0125 0.015625
1 0.540625 0.07421875 0.0171875 0.0171875
1 0.5828125 0.06328125 0.0140625 0.015625
1 0.6734375 0.03984375 0.015625 0.015625
1 0.72265625 0.028125 0.0140625 0.0140625
1 0.77265625 0.01875 0.01875 0.0171875
>>>>>>> c9556306391b7ee450ce0db69384df37c899f0a7
1 0.8328125 0.00546875 0.015625 0.0109375