0 0.8765625 0.353125 0.2421875 0.2828125
0 0.64921875 0.40078125 0.2609375 0.3359375
0 0.471875 0.36796875 0.1765625 0.203125
0 0.01796875 0.28671875 0.0359375 0.0890625
0 0.06171875 0.240625 0.0546875 0.0578125
0 0.09296875 0.21640625 0.040625 0.05
0 0.10078125 0.1765625 0.04375 0.04375
0 0.06015625 0.2109375 0.0453125 0.0390625
0 0.0859375 0.1890625 0.0390625 0.040625
1 0.00546875 0.21171875 0.0109375 0.0265625
1 0.0046875 0.21953125 0.009375 0.0234375
1 0.003125 0.2296875 0.00625 0.025