0 0.859375 0.3359375 0.09140625 0.109375
0 0.696875 0.31015625 0.07578125 0.0953125
0 0.6140625 0.2859375 0.0609375 0.08203125
0 0.5375 0.2640625 0.05234375 0.0734375
0 0.4859375 0.2578125 0.046875 0.05859375
0 0.4609375 0.2484375 0.03359375 0.0546875
0 0.4109375 0.2453125 0.04375 0.0546875
0 0.30234375 0.246875 0.040625 0.05625
0 0.2046875 0.24921875 0.0421875 0.0453125
0 0.08671875 0.2484375 0.03671875 0.0390625
0 0.05078125 0.25234375 0.04296875 0.0484375
0 0.02578125 0.2453125 0.02890625 0.0421875
0 0.0625 0.21953125 0.0234375 0.0234375
0 0.0890625 0.22734375 0.02890625 0.02265625
0 0.153125 0.19296875 0.01953125 0.02578125
0 0.23125 0.1875 0.02265625 0.021875
0 0.31796875 0.1859375 0.0125 0.0171875
0 0.3921875 0.17890625 0.01875 0.01875
0 0.4609375 0.1765625 0.01328125 0.0203125
0 0.51015625 0.171875 0.0125 0.01640625
0 0.54921875 0.16953125 0.00859375 0.015625
0 0.584375 0.16484375 0.00859375 0.0078125
0 0.6203125 0.16328125 0.015625 0.01484375
0 0.6390625 0.16015625 0.00859375 0.015625
0 0.67109375 0.16015625 0.01328125 0.01328125
0 0.69609375 0.16328125 0.01015625 0.0171875
0 0.73359375 0.16015625 0.0125 0.01640625
1 0.69140625 0.15546875 0.01171875 0.0125
1 0.659375 0.15703125 0.0109375 0.01640625
1 0.5421875 0.16484375 0.01328125 0.015625
1 0.33125 0.17734375 0.01484375 0.01484375
1 0.26796875 0.18125 0.01328125 0.02265625
1 0.18515625 0.18671875 0.01484375 0.0203125
1 0.12890625 0.19296875 0.01796875 0.0203125