1 0.95625 0.1890625 0.025 0.025
1 0.9015625 0.1890625 0.0265625 0.025
1 0.84609375 0.18984375 0.025 0.025
1 0.80546875 0.1890625 0.021875 0.025
1 0.74921875 0.18671875 0.025 0.028125
1 0.7 0.18671875 0.0265625 0.0296875
1 0.6390625 0.18515625 0.0296875 0.03125
1 0.58203125 0.1859375 0.025 0.028125
1 0.5265625 0.18671875 0.025 0.028125
1 0.46171875 0.18203125 0.028125 0.028125
1 0.41328125 0.184375 0.0203125 0.0265625
1 0.36640625 0.18359375 0.0234375 0.0265625
1 0.31796875 0.17578125 0.025 0.01875
1 0.26796875 0.17578125 0.0265625 0.03125
1 0.18203125 0.1734375 0.0203125 0.0234375
1 0.2265625 0.17109375 0.0234375 0.021875
1 0.1328125 0.1671875 0.021875 0.0140625
1 0.08046875 0.16640625 0.021875 0.0125
1 0.021875 0.1671875 0.025 0.021875
0 0.02421875 0.18984375 0.03125 0.0296875
0 0.08984375 0.1875 0.0328125 0.0328125
0 0.1296875 0.18984375 0.0359375 0.03125
0 0.1921875 0.19609375 0.0375 0.028125
0 0.2484375 0.1984375 0.034375 0.034375
0 0.3203125 0.2 0.0328125 0.0296875
0 0.396875 0.2046875 0.03125 0.0265625
0 0.47265625 0.20859375 0.034375 0.0328125
0 0.5546875 0.203125 0.0328125 0.03125
0 0.63515625 0.2109375 0.0375 0.034375
0 0.71640625 0.20625 0.0328125 0.028125
0 0.790625 0.21328125 0.0375 0.0296875
0 0.86875 0.20703125 0.040625 0.028125
0 0.96796875 0.209375 0.0375 0.0328125