1 0.94921875 0.3671875 0.1015625 0.0890625
1 0.7421875 0.2953125 0.06875 0.0546875
1 0.63828125 0.24765625 0.05 0.0515625
1 0.575 0.23046875 0.04921875 0.0359375
1 0.51796875 0.21015625 0.03203125 0.0296875
1 0.47734375 0.19453125 0.0296875 0.034375
1 0.4421875 0.1859375 0.02265625 0.0234375
1 0.415625 0.1828125 0.01875 0.02265625
1 0.3921875 0.1765625 0.0203125 0.02109375
1 0.3796875 0.16953125 0.015625 0.01953125
1 0.36328125 0.165625 0.015625 0.01875
1 0.35234375 0.1625 0.01328125 0.0140625
1 0.33984375 0.15859375 0.0125 0.01171875
1 0.33125 0.15703125 0.0109375 0.01015625
1 0.32109375 0.1515625 0.0078125 0.009375
0 0.00546875 0.22578125 0.0109375 0.0453125
0 0.02578125 0.2015625 0.04453125 0.0421875
0 0.059375 0.19140625 0.034375 0.02734375
0 0.078125 0.17734375 0.03046875 0.028125
0 0.09765625 0.16875 0.025 0.02421875
0 0.10703125 0.1625 0.0203125 0.0234375
0 0.11640625 0.15390625 0.01953125 0.0203125
0 0.12109375 0.1484375 0.01484375 0.01953125
0 0.13125 0.1453125 0.0109375 0.0171875
0 0.13828125 0.1453125 0.01171875 0.01328125