1 0.96796875 0.3140625 0.0640625 0.075
1 0.9046875 0.2796875 0.0609375 0.0625
1 0.85234375 0.2546875 0.059375 0.0640625
1 0.803125 0.228125 0.05625 0.05625
1 0.75859375 0.20390625 0.0453125 0.0515625
1 0.71171875 0.1859375 0.0484375 0.0546875
1 0.6703125 0.1640625 0.0484375 0.0515625
1 0.634375 0.14765625 0.040625 0.0453125
1 0.59765625 0.13515625 0.0421875 0.04375
1 0.56484375 0.121875 0.0375 0.0375
1 0.51640625 0.10546875 0.0390625 0.0390625
1 0.47890625 0.0921875 0.0375 0.0390625
1 0.434375 0.06953125 0.0390625 0.0359375
1 0.390625 0.0546875 0.0296875 0.034375
0 0.15703125 0.0078125 0.0296875 0.015625
0 0.184375 0.01328125 0.0375 0.0265625
0 0.20859375 0.0203125 0.0421875 0.040625
0 0.2515625 0.03359375 0.0375 0.0359375
0 0.28828125 0.06015625 0.0515625 0.0484375
0 0.2890625 0.0734375 0.053125 0.0578125
0 0.3125 0.084375 0.0625 0.0625
0 0.31875 0.10703125 0.065625 0.065625
0 0.3203125 0.1359375 0.0921875 0.08125
0 0.3203125 0.1796875 0.109375 0.1
0 0.33359375 0.21875 0.1296875 0.1234375
0 0.35859375 0.29765625 0.1828125 0.1796875
0 0.43671875 0.4390625 0.2453125 0.2671875
0 0.6890625 0.80390625 0.415625 0.3921875