<<<<<<< HEAD
1 0.98125 0.33046875 0.0375 0.0671875
1 0.9359375 0.290625 0.0546875 0.0546875
1 0.88984375 0.2671875 0.0453125 0.040625
1 0.8578125 0.2484375 0.034375 0.0296875
1 0.8421875 0.234375 0.03125 0.03125
1 0.82578125 0.2234375 0.0265625 0.03125
1 0.81328125 0.2171875 0.0203125 0.0203125
1 0.8078125 0.20859375 0.025 0.0234375
1 0.7921875 0.203125 0.0171875 0.0203125
1 0.77734375 0.19453125 0.01875 0.01875
0 0.58515625 0.15234375 0.0140625 0.01875
0 0.56953125 0.153125 0.01875 0.0203125
0 0.5609375 0.15390625 0.021875 0.0234375
0 0.5484375 0.1546875 0.025 0.021875
0 0.534375 0.15546875 0.025 0.021875
0 0.51875 0.15625 0.0265625 0.0265625
0 0.50078125 0.159375 0.028125 0.0296875
0 0.48125 0.165625 0.0328125 0.0296875
0 0.440625 0.16953125 0.040625 0.0375
0 0.39453125 0.17578125 0.0484375 0.0484375
0 0.31640625 0.1875 0.0625 0.053125
=======
1 0.98125 0.33046875 0.0375 0.0671875
1 0.9359375 0.290625 0.0546875 0.0546875
1 0.88984375 0.2671875 0.0453125 0.040625
1 0.8578125 0.2484375 0.034375 0.0296875
1 0.8421875 0.234375 0.03125 0.03125
1 0.82578125 0.2234375 0.0265625 0.03125
1 0.81328125 0.2171875 0.0203125 0.0203125
1 0.8078125 0.20859375 0.025 0.0234375
1 0.7921875 0.203125 0.0171875 0.0203125
1 0.77734375 0.19453125 0.01875 0.01875
0 0.58515625 0.15234375 0.0140625 0.01875
0 0.56953125 0.153125 0.01875 0.0203125
0 0.5609375 0.15390625 0.021875 0.0234375
0 0.5484375 0.1546875 0.025 0.021875
0 0.534375 0.15546875 0.025 0.021875
0 0.51875 0.15625 0.0265625 0.0265625
0 0.50078125 0.159375 0.028125 0.0296875
0 0.48125 0.165625 0.0328125 0.0296875
0 0.440625 0.16953125 0.040625 0.0375
0 0.39453125 0.17578125 0.0484375 0.0484375
0 0.31640625 0.1875 0.0625 0.053125
>>>>>>> c9556306391b7ee450ce0db69384df37c899f0a7
0 0.19453125 0.1859375 0.08125 0.071875