<<<<<<< HEAD
0 0.92109375 0.24453125 0.09140625 0.11875
0 0.7765625 0.19296875 0.06171875 0.08984375
0 0.6921875 0.159375 0.05390625 0.0703125
0 0.60859375 0.13671875 0.0421875 0.065625
0 0.5609375 0.1125 0.028125 0.04296875
0 0.49140625 0.09453125 0.0265625 0.03203125
1 0.1578125 0.0796875 0.025 0.03203125
=======
0 0.92109375 0.24453125 0.09140625 0.11875
0 0.7765625 0.19296875 0.06171875 0.08984375
0 0.6921875 0.159375 0.05390625 0.0703125
0 0.60859375 0.13671875 0.0421875 0.065625
0 0.5609375 0.1125 0.028125 0.04296875
0 0.49140625 0.09453125 0.0265625 0.03203125
1 0.1578125 0.0796875 0.025 0.03203125
>>>>>>> c9556306391b7ee450ce0db69384df37c899f0a7
1 0.0796875 0.090625 0.03359375 0.040625