<<<<<<< HEAD
1 0.92734375 0.11796875 0.015625 0.0203125
1 0.86015625 0.11796875 0.01875 0.0171875
1 0.69765625 0.12578125 0.0203125 0.0234375
1 0.778125 0.13203125 0.0234375 0.0234375
1 0.5109375 0.14453125 0.021875 0.0140625
1 0.54921875 0.13828125 0.0171875 0.015625
1 0.46953125 0.146875 0.01875 0.021875
1 0.43359375 0.15078125 0.021875 0.01875
1 0.39609375 0.15234375 0.025 0.021875
1 0.36171875 0.15703125 0.0203125 0.0203125
1 0.34375 0.15859375 0.0203125 0.0265625
1 0.3234375 0.1609375 0.01875 0.0265625
1 0.29765625 0.16484375 0.01875 0.015625
1 0.26328125 0.17265625 0.03125 0.01875
1 0.32734375 0.18984375 0.0265625 0.034375
1 0.31015625 0.19296875 0.01875 0.0375
1 0.2984375 0.19375 0.0234375 0.0375
1 0.2828125 0.21015625 0.0375 0.046875
1 0.2453125 0.21640625 0.0484375 0.04375
=======
1 0.92734375 0.11796875 0.015625 0.0203125
1 0.86015625 0.11796875 0.01875 0.0171875
1 0.69765625 0.12578125 0.0203125 0.0234375
1 0.778125 0.13203125 0.0234375 0.0234375
1 0.5109375 0.14453125 0.021875 0.0140625
1 0.54921875 0.13828125 0.0171875 0.015625
1 0.46953125 0.146875 0.01875 0.021875
1 0.43359375 0.15078125 0.021875 0.01875
1 0.39609375 0.15234375 0.025 0.021875
1 0.36171875 0.15703125 0.0203125 0.0203125
1 0.34375 0.15859375 0.0203125 0.0265625
1 0.3234375 0.1609375 0.01875 0.0265625
1 0.29765625 0.16484375 0.01875 0.015625
1 0.26328125 0.17265625 0.03125 0.01875
1 0.32734375 0.18984375 0.0265625 0.034375
1 0.31015625 0.19296875 0.01875 0.0375
1 0.2984375 0.19375 0.0234375 0.0375
1 0.2828125 0.21015625 0.0375 0.046875
1 0.2453125 0.21640625 0.0484375 0.04375
>>>>>>> c9556306391b7ee450ce0db69384df37c899f0a7
1 0.18828125 0.2359375 0.05625 0.0640625