<<<<<<< HEAD
1 0.13203125 0.24296875 0.0609375 0.0515625
1 0.31875 0.2078125 0.0515625 0.053125
1 0.45625 0.184375 0.04375 0.0328125
1 0.5375 0.1640625 0.05 0.05
1 0.6015625 0.15546875 0.0421875 0.0453125
1 0.65546875 0.14921875 0.0359375 0.034375
1 0.72421875 0.1421875 0.04375 0.0375
1 0.7828125 0.1359375 0.0296875 0.034375
1 0.8515625 0.12421875 0.0421875 0.0421875
1 0.90234375 0.12109375 0.0328125 0.034375
1 0.95390625 0.115625 0.01875 0.0234375
0 0.0828125 0.5609375 0.165625 0.221875
0 0.540625 0.32421875 0.125 0.1296875
0 0.74296875 0.25 0.084375 0.0875
0 0.8515625 0.18984375 0.071875 0.0734375
=======
1 0.13203125 0.24296875 0.0609375 0.0515625
1 0.31875 0.2078125 0.0515625 0.053125
1 0.45625 0.184375 0.04375 0.0328125
1 0.5375 0.1640625 0.05 0.05
1 0.6015625 0.15546875 0.0421875 0.0453125
1 0.65546875 0.14921875 0.0359375 0.034375
1 0.72421875 0.1421875 0.04375 0.0375
1 0.7828125 0.1359375 0.0296875 0.034375
1 0.8515625 0.12421875 0.0421875 0.0421875
1 0.90234375 0.12109375 0.0328125 0.034375
1 0.95390625 0.115625 0.01875 0.0234375
0 0.0828125 0.5609375 0.165625 0.221875
0 0.540625 0.32421875 0.125 0.1296875
0 0.74296875 0.25 0.084375 0.0875
0 0.8515625 0.18984375 0.071875 0.0734375
>>>>>>> c9556306391b7ee450ce0db69384df37c899f0a7
0 0.9375 0.16015625 0.0640625 0.059375