0 0.03359375 0.21796875 0.0640625 0.11796875
0 0.18671875 0.16953125 0.09140625 0.09296875
0 0.2890625 0.1265625 0.078125 0.09453125
0 0.37265625 0.1078125 0.06640625 0.059375
0 0.415625 0.0875 0.05546875 0.0515625
0 0.4328125 0.0734375 0.04375 0.0546875
0 0.4328125 0.0515625 0.0421875 0.05078125
0 0.41484375 0.0328125 0.0421875 0.04765625
0 0.4375 0.02421875 0.0265625 0.03671875
0 0.4875 0.00625 0.034375 0.0125
1 0.97109375 0.04609375 0.04296875 0.04453125
1 0.903125 0.04140625 0.03671875 0.04296875
1 0.87109375 0.03203125 0.0296875 0.034375
1 0.83046875 0.0265625 0.0296875 0.0328125
1 0.79296875 0.02265625 0.02890625 0.02890625
1 0.775 0.01875 0.02890625 0.0328125
1 0.74921875 0.01484375 0.025 0.02734375
1 0.721875 0.00625 0.0140625 0.01171875