<<<<<<< HEAD
1 0.19375 0.4796875 0.178125 0.1765625
1 0.490625 0.2875 0.103125 0.1078125
1 0.6234375 0.1984375 0.08125 0.0765625
1 0.70859375 0.1375 0.0546875 0.0484375
1 0.765625 0.1203125 0.0578125 0.0578125
1 0.81640625 0.09453125 0.04375 0.0421875
1 0.85703125 0.06640625 0.040625 0.0421875
1 0.88828125 0.05234375 0.0375 0.0453125
1 0.91328125 0.0421875 0.0359375 0.034375
=======
1 0.19375 0.4796875 0.178125 0.1765625
1 0.490625 0.2875 0.103125 0.1078125
1 0.6234375 0.1984375 0.08125 0.0765625
1 0.70859375 0.1375 0.0546875 0.0484375
1 0.765625 0.1203125 0.0578125 0.0578125
1 0.81640625 0.09453125 0.04375 0.0421875
1 0.85703125 0.06640625 0.040625 0.0421875
1 0.88828125 0.05234375 0.0375 0.0453125
1 0.91328125 0.0421875 0.0359375 0.034375
>>>>>>> c9556306391b7ee450ce0db69384df37c899f0a7
1 0.93203125 0.0375 0.01875 0.03125