<<<<<<< HEAD
0 0.35234375 0.1625 0.0109375 0.009375
0 0.34375 0.16484375 0.0125 0.0109375
0 0.33515625 0.165625 0.0109375 0.0125
0 0.32578125 0.16640625 0.0109375 0.0125
0 0.321875 0.17265625 0.0125 0.0140625
0 0.30859375 0.17734375 0.0140625 0.015625
0 0.30078125 0.18203125 0.0140625 0.0171875
0 0.28828125 0.18828125 0.0171875 0.01875
0 0.2703125 0.1984375 0.0234375 0.0234375
0 0.25078125 0.20546875 0.025 0.028125
0 0.215625 0.22109375 0.03125 0.0296875
0 0.16640625 0.2375 0.046875 0.04375
0 0.09375 0.25546875 0.0546875 0.0484375
0 0.00234375 0.3109375 0.0046875 0.046875
1 0.5171875 0.15703125 0.009375 0.0125
1 0.52890625 0.16015625 0.015625 0.01875
1 0.540625 0.1640625 0.0140625 0.01875
1 0.5515625 0.16484375 0.015625 0.0203125
1 0.559375 0.16640625 0.0140625 0.021875
1 0.56953125 0.1671875 0.0203125 0.015625
1 0.5890625 0.17734375 0.0234375 0.01875
1 0.60703125 0.17734375 0.01875 0.01875
1 0.62578125 0.184375 0.028125 0.03125
1 0.66015625 0.19296875 0.0359375 0.0359375
1 0.70546875 0.21015625 0.0328125 0.03125
1 0.7625 0.2375 0.05625 0.04375
1 0.83828125 0.26015625 0.0765625 0.06875
=======
0 0.35234375 0.1625 0.0109375 0.009375
0 0.34375 0.16484375 0.0125 0.0109375
0 0.33515625 0.165625 0.0109375 0.0125
0 0.32578125 0.16640625 0.0109375 0.0125
0 0.321875 0.17265625 0.0125 0.0140625
0 0.30859375 0.17734375 0.0140625 0.015625
0 0.30078125 0.18203125 0.0140625 0.0171875
0 0.28828125 0.18828125 0.0171875 0.01875
0 0.2703125 0.1984375 0.0234375 0.0234375
0 0.25078125 0.20546875 0.025 0.028125
0 0.215625 0.22109375 0.03125 0.0296875
0 0.16640625 0.2375 0.046875 0.04375
0 0.09375 0.25546875 0.0546875 0.0484375
0 0.00234375 0.3109375 0.0046875 0.046875
1 0.5171875 0.15703125 0.009375 0.0125
1 0.52890625 0.16015625 0.015625 0.01875
1 0.540625 0.1640625 0.0140625 0.01875
1 0.5515625 0.16484375 0.015625 0.0203125
1 0.559375 0.16640625 0.0140625 0.021875
1 0.56953125 0.1671875 0.0203125 0.015625
1 0.5890625 0.17734375 0.0234375 0.01875
1 0.60703125 0.17734375 0.01875 0.01875
1 0.62578125 0.184375 0.028125 0.03125
1 0.66015625 0.19296875 0.0359375 0.0359375
1 0.70546875 0.21015625 0.0328125 0.03125
1 0.7625 0.2375 0.05625 0.04375
1 0.83828125 0.26015625 0.0765625 0.06875
>>>>>>> c9556306391b7ee450ce0db69384df37c899f0a7
1 0.96484375 0.33828125 0.0625 0.09375