<<<<<<< HEAD
0 0.06953125 0.10859375 0.0515625 0.0484375
0 0.1140625 0.0890625 0.05625 0.053125
0 0.14765625 0.07109375 0.0484375 0.040625
0 0.1765625 0.0609375 0.0375 0.04375
0 0.19453125 0.0625 0.025 0.025
0 0.209375 0.05625 0.025 0.03125
0 0.2328125 0.053125 0.021875 0.0203125
0 0.2578125 0.05703125 0.025 0.025
0 0.31015625 0.06484375 0.028125 0.0234375
0 0.365625 0.071875 0.021875 0.0265625
0 0.3984375 0.07734375 0.0265625 0.0265625
0 0.44765625 0.09375 0.0234375 0.0234375
0 0.496875 0.0953125 0.0296875 0.0265625
0 0.55078125 0.10859375 0.0234375 0.0234375
0 0.60234375 0.11796875 0.0265625 0.0296875
0 0.65625 0.1265625 0.0234375 0.0234375
0 0.7078125 0.13359375 0.025 0.028125
0 0.75546875 0.14296875 0.0265625 0.0265625
0 0.803125 0.1515625 0.021875 0.025
0 0.8421875 0.159375 0.021875 0.021875
0 0.8859375 0.1609375 0.0203125 0.021875
0 0.9421875 0.16953125 0.0203125 0.0140625
0 0.98125 0.17578125 0.0203125 0.0265625
1 0.996875 0.16875 0.00625 0.01875
1 0.96171875 0.16171875 0.0171875 0.0203125
1 0.9328125 0.1578125 0.0171875 0.015625
1 0.90390625 0.1515625 0.015625 0.01875
1 0.8640625 0.14609375 0.021875 0.0171875
1 0.83203125 0.1421875 0.0140625 0.0171875
1 0.77421875 0.13515625 0.015625 0.0203125
1 0.73984375 0.128125 0.021875 0.0234375
1 0.70078125 0.11796875 0.01875 0.01875
1 0.66640625 0.11484375 0.0265625 0.025
1 0.62265625 0.11171875 0.0234375 0.0296875
1 0.58046875 0.103125 0.0234375 0.021875
1 0.54140625 0.0921875 0.015625 0.0125
1 0.46015625 0.0796875 0.01875 0.021875
1 0.49375 0.0828125 0.0203125 0.0140625
1 0.42109375 0.07109375 0.0203125 0.01875
1 0.384375 0.06640625 0.0203125 0.0171875
1 0.33671875 0.059375 0.021875 0.0234375
1 0.30078125 0.0546875 0.0203125 0.025
1 0.21328125 0.03671875 0.0203125 0.021875
1 0.18125 0.03203125 0.0234375 0.021875
1 0.14609375 0.02734375 0.021875 0.025
=======
0 0.06953125 0.10859375 0.0515625 0.0484375
0 0.1140625 0.0890625 0.05625 0.053125
0 0.14765625 0.07109375 0.0484375 0.040625
0 0.1765625 0.0609375 0.0375 0.04375
0 0.19453125 0.0625 0.025 0.025
0 0.209375 0.05625 0.025 0.03125
0 0.2328125 0.053125 0.021875 0.0203125
0 0.2578125 0.05703125 0.025 0.025
0 0.31015625 0.06484375 0.028125 0.0234375
0 0.365625 0.071875 0.021875 0.0265625
0 0.3984375 0.07734375 0.0265625 0.0265625
0 0.44765625 0.09375 0.0234375 0.0234375
0 0.496875 0.0953125 0.0296875 0.0265625
0 0.55078125 0.10859375 0.0234375 0.0234375
0 0.60234375 0.11796875 0.0265625 0.0296875
0 0.65625 0.1265625 0.0234375 0.0234375
0 0.7078125 0.13359375 0.025 0.028125
0 0.75546875 0.14296875 0.0265625 0.0265625
0 0.803125 0.1515625 0.021875 0.025
0 0.8421875 0.159375 0.021875 0.021875
0 0.8859375 0.1609375 0.0203125 0.021875
0 0.9421875 0.16953125 0.0203125 0.0140625
0 0.98125 0.17578125 0.0203125 0.0265625
1 0.996875 0.16875 0.00625 0.01875
1 0.96171875 0.16171875 0.0171875 0.0203125
1 0.9328125 0.1578125 0.0171875 0.015625
1 0.90390625 0.1515625 0.015625 0.01875
1 0.8640625 0.14609375 0.021875 0.0171875
1 0.83203125 0.1421875 0.0140625 0.0171875
1 0.77421875 0.13515625 0.015625 0.0203125
1 0.73984375 0.128125 0.021875 0.0234375
1 0.70078125 0.11796875 0.01875 0.01875
1 0.66640625 0.11484375 0.0265625 0.025
1 0.62265625 0.11171875 0.0234375 0.0296875
1 0.58046875 0.103125 0.0234375 0.021875
1 0.54140625 0.0921875 0.015625 0.0125
1 0.46015625 0.0796875 0.01875 0.021875
1 0.49375 0.0828125 0.0203125 0.0140625
1 0.42109375 0.07109375 0.0203125 0.01875
1 0.384375 0.06640625 0.0203125 0.0171875
1 0.33671875 0.059375 0.021875 0.0234375
1 0.30078125 0.0546875 0.0203125 0.025
1 0.21328125 0.03671875 0.0203125 0.021875
1 0.18125 0.03203125 0.0234375 0.021875
1 0.14609375 0.02734375 0.021875 0.025
>>>>>>> c9556306391b7ee450ce0db69384df37c899f0a7
1 0.25390625 0.04453125 0.021875 0.021875