0 0.00703125 0.2203125 0.01328125 0.04140625
0 0.0265625 0.2 0.04296875 0.034375
0 0.059375 0.19140625 0.034375 0.0234375
0 0.07734375 0.178125 0.02734375 0.025
0 0.096875 0.16796875 0.02109375 0.0234375
0 0.11015625 0.16328125 0.0203125 0.02421875
0 0.11640625 0.15703125 0.0171875 0.01796875
0 0.12109375 0.153125 0.0171875 0.01640625
0 0.12890625 0.15 0.01484375 0.01953125
0 0.13984375 0.14765625 0.0125 0.01796875
1 0.3125 0.15 0.01015625 0.00859375
1 0.32109375 0.153125 0.0109375 0.01171875
1 0.33046875 0.1546875 0.0109375 0.01171875
1 0.33984375 0.15859375 0.00859375 0.01171875
1 0.35078125 0.16328125 0.01015625 0.0140625
1 0.36484375 0.16328125 0.0109375 0.01640625
1 0.378125 0.171875 0.015625 0.0234375
1 0.3921875 0.17890625 0.02109375 0.01796875
1 0.41640625 0.178125 0.0234375 0.0203125
1 0.4421875 0.1859375 0.02578125 0.028125
1 0.47890625 0.19453125 0.0296875 0.0328125
1 0.5171875 0.21015625 0.03671875 0.03203125
1 0.5765625 0.23125 0.046875 0.0375
1 0.6375 0.2484375 0.05390625 0.05546875
1 0.74375 0.29609375 0.07109375 0.05703125
1 0.94921875 0.36875 0.1015625 0.09296875