<<<<<<< HEAD
1 0.8953125 0.34609375 0.153125 0.1390625
0 0.01953125 0.25703125 0.0390625 0.0453125
0 0.09140625 0.2359375 0.0421875 0.0453125
0 0.14375 0.22109375 0.0359375 0.03125
0 0.18515625 0.2078125 0.0328125 0.03125
1 0.72421875 0.25625 0.09375 0.0828125
1 0.9109375 0.1203125 0.0375 0.034375
1 0.64921875 0.22109375 0.059375 0.05625
1 0.5984375 0.2 0.0375 0.0453125
1 0.57578125 0.190625 0.0328125 0.04375
1 0.546875 0.17734375 0.0203125 0.03125
=======
1 0.8953125 0.34609375 0.153125 0.1390625
0 0.01953125 0.25703125 0.0390625 0.0453125
0 0.09140625 0.2359375 0.0421875 0.0453125
0 0.14375 0.22109375 0.0359375 0.03125
0 0.18515625 0.2078125 0.0328125 0.03125
1 0.72421875 0.25625 0.09375 0.0828125
1 0.9109375 0.1203125 0.0375 0.034375
1 0.64921875 0.22109375 0.059375 0.05625
1 0.5984375 0.2 0.0375 0.0453125
1 0.57578125 0.190625 0.0328125 0.04375
1 0.546875 0.17734375 0.0203125 0.03125
>>>>>>> c9556306391b7ee450ce0db69384df37c899f0a7
1 0.5265625 0.1703125 0.028125 0.03125