0 0.88984375 0.67421875 0.2203125 0.4265625
0 0.471875 0.4625 0.203125 0.2828125
0 0.35078125 0.32265625 0.140625 0.1921875
0 0.19609375 0.271875 0.115625 0.1515625
0 0.084375 0.21875 0.096875 0.1015625
0 0.0265625 0.1859375 0.053125 0.090625
0 0.02109375 0.12890625 0.0421875 0.0421875
0 0.0734375 0.11953125 0.0515625 0.0453125
0 0.15390625 0.1234375 0.0359375 0.0515625
0 0.19765625 0.11171875 0.0390625 0.034375
0 0.27265625 0.10703125 0.0375 0.046875
0 0.309375 0.1 0.03125 0.0375
0 0.40234375 0.1046875 0.0375 0.0421875
0 0.52265625 0.096875 0.028125 0.040625
0 0.71171875 0.1015625 0.0265625 0.028125
0 0.8640625 0.1015625 0.034375 0.0375
1 0.86796875 0.084375 0.025 0.025
1 0.790625 0.0875 0.021875 0.0328125
1 0.7109375 0.0875 0.025 0.0328125
1 0.60859375 0.08515625 0.025 0.025
1 0.52890625 0.0796875 0.0265625 0.0171875
1 0.4265625 0.084375 0.0203125 0.0328125
1 0.35859375 0.08671875 0.01875 0.028125
1 0.31484375 0.07890625 0.0171875 0.0140625
1 0.26015625 0.0875 0.0234375 0.0359375
1 0.15 0.08984375 0.0234375 0.0203125
1 0.04140625 0.096875 0.0234375 0.0328125
1 0.00234375 0.0953125 0.0046875 0.025