<<<<<<< HEAD
1 0.96953125 0.35 0.06015625 0.1125
1 0.84765625 0.2734375 0.0703125 0.071875
1 0.77265625 0.246875 0.05546875 0.046875
1 0.71171875 0.21875 0.03515625 0.03203125
1 0.66875 0.2015625 0.0328125 0.03671875
1 0.6390625 0.18828125 0.03046875 0.03203125
1 0.61484375 0.18203125 0.01875 0.01796875
1 0.6046875 0.1828125 0.0171875 0.01875
1 0.59375 0.1796875 0.01484375 0.02109375
1 0.5890625 0.1765625 0.02265625 0.02734375
1 0.575 0.16796875 0.0171875 0.01640625
1 0.565625 0.165625 0.01171875 0.01328125
1 0.5609375 0.165625 0.01640625 0.01640625
1 0.54921875 0.16171875 0.025 0.0203125
0 0.3625 0.15703125 0.0125 0.0140625
0 0.35859375 0.16015625 0.009375 0.01640625
0 0.353125 0.159375 0.015625 0.01328125
0 0.3453125 0.1609375 0.0109375 0.0125
0 0.33671875 0.1609375 0.01015625 0.0140625
0 0.32890625 0.16484375 0.0140625 0.01640625
0 0.31875 0.16875 0.01640625 0.02421875
0 0.296875 0.18046875 0.01953125 0.02265625
0 0.28046875 0.18984375 0.02109375 0.0234375
0 0.2609375 0.19765625 0.02734375 0.03125
0 0.22734375 0.2125 0.0296875 0.02421875
0 0.175 0.22421875 0.04140625 0.03828125
0 0.103125 0.24453125 0.05703125 0.046875
0 0.0046875 0.29375 0.0078125 0.05078125
=======
1 0.96953125 0.35 0.06015625 0.1125
1 0.84765625 0.2734375 0.0703125 0.071875
1 0.77265625 0.246875 0.05546875 0.046875
1 0.71171875 0.21875 0.03515625 0.03203125
1 0.66875 0.2015625 0.0328125 0.03671875
1 0.6390625 0.18828125 0.03046875 0.03203125
1 0.61484375 0.18203125 0.01875 0.01796875
1 0.6046875 0.1828125 0.0171875 0.01875
1 0.59375 0.1796875 0.01484375 0.02109375
1 0.5890625 0.1765625 0.02265625 0.02734375
1 0.575 0.16796875 0.0171875 0.01640625
1 0.565625 0.165625 0.01171875 0.01328125
1 0.5609375 0.165625 0.01640625 0.01640625
1 0.54921875 0.16171875 0.025 0.0203125
0 0.3625 0.15703125 0.0125 0.0140625
0 0.35859375 0.16015625 0.009375 0.01640625
0 0.353125 0.159375 0.015625 0.01328125
0 0.3453125 0.1609375 0.0109375 0.0125
0 0.33671875 0.1609375 0.01015625 0.0140625
0 0.32890625 0.16484375 0.0140625 0.01640625
0 0.31875 0.16875 0.01640625 0.02421875
0 0.296875 0.18046875 0.01953125 0.02265625
0 0.28046875 0.18984375 0.02109375 0.0234375
0 0.2609375 0.19765625 0.02734375 0.03125
0 0.22734375 0.2125 0.0296875 0.02421875
0 0.175 0.22421875 0.04140625 0.03828125
0 0.103125 0.24453125 0.05703125 0.046875
0 0.0046875 0.29375 0.0078125 0.05078125
>>>>>>> c9556306391b7ee450ce0db69384df37c899f0a7
1 0.72578125 0.15 0.01015625 0.0171875