0 0.17890625 0.66015625 0.3578125 0.4265625
0 0.590625 0.48046875 0.2265625 0.2484375
0 0.73125 0.4140625 0.1671875 0.159375
0 0.79765625 0.36796875 0.115625 0.1171875
0 0.825 0.33828125 0.1015625 0.0921875
0 0.84765625 0.31015625 0.0765625 0.08125
0 0.871875 0.28828125 0.0703125 0.071875
0 0.890625 0.2640625 0.053125 0.0546875
0 0.925 0.2578125 0.0453125 0.0515625
0 0.96640625 0.265625 0.0453125 0.04375
0 0.9953125 0.2734375 0.009375 0.046875
1 0.8453125 0.19765625 0.034375 0.0375
1 0.79921875 0.1859375 0.0375 0.0375
1 0.75390625 0.178125 0.0328125 0.034375
1 0.71328125 0.16640625 0.03125 0.0359375
1 0.66796875 0.15234375 0.0328125 0.0328125
1 0.628125 0.146875 0.0328125 0.040625
1 0.5890625 0.134375 0.03125 0.040625
1 0.553125 0.128125 0.046875 0.05
1 0.51015625 0.11875 0.040625 0.0484375
1 0.45703125 0.11171875 0.0453125 0.0484375
1 0.41015625 0.1046875 0.046875 0.0515625
1 0.3546875 0.0984375 0.05 0.0546875
1 0.29453125 0.0875 0.0625 0.059375
1 0.225 0.07734375 0.0703125 0.0734375
1 0.13671875 0.06328125 0.075 0.0796875