<<<<<<< HEAD
0 0.0296875 0.21015625 0.0328125 0.0265625
0 0.1296875 0.20625 0.0359375 0.025
0 0.2078125 0.2140625 0.0359375 0.0265625
0 0.28125 0.209375 0.034375 0.025
0 0.36328125 0.2140625 0.0390625 0.03125
0 0.4453125 0.203125 0.0328125 0.028125
0 0.52578125 0.20859375 0.0359375 0.0296875
0 0.60234375 0.203125 0.0265625 0.0234375
0 0.68046875 0.2 0.0296875 0.0296875
0 0.7484375 0.1953125 0.0359375 0.034375
0 0.8078125 0.19765625 0.034375 0.0296875
0 0.865625 0.190625 0.0359375 0.028125
0 0.90625 0.190625 0.03125 0.0359375
0 0.9765625 0.18984375 0.03125 0.0265625
1 0.97734375 0.16640625 0.028125 0.0203125
1 0.921875 0.171875 0.025 0.0296875
1 0.86953125 0.16796875 0.0234375 0.0171875
1 0.82265625 0.171875 0.0234375 0.0265625
1 0.77421875 0.1671875 0.0203125 0.025
1 0.73125 0.175 0.021875 0.025
1 0.68125 0.1765625 0.01875 0.0125
1 0.6359375 0.1796875 0.0203125 0.0203125
1 0.58515625 0.184375 0.0234375 0.0265625
1 0.53984375 0.1796875 0.0234375 0.021875
1 0.475 0.18828125 0.021875 0.025
1 0.4171875 0.18671875 0.021875 0.0203125
1 0.3609375 0.184375 0.0296875 0.0265625
1 0.3015625 0.18671875 0.0265625 0.028125
1 0.25 0.1859375 0.0265625 0.0234375
1 0.19765625 0.18828125 0.028125 0.025
1 0.15703125 0.18671875 0.0265625 0.0234375
1 0.09765625 0.18984375 0.028125 0.0265625
=======
0 0.0296875 0.21015625 0.0328125 0.0265625
0 0.1296875 0.20625 0.0359375 0.025
0 0.2078125 0.2140625 0.0359375 0.0265625
0 0.28125 0.209375 0.034375 0.025
0 0.36328125 0.2140625 0.0390625 0.03125
0 0.4453125 0.203125 0.0328125 0.028125
0 0.52578125 0.20859375 0.0359375 0.0296875
0 0.60234375 0.203125 0.0265625 0.0234375
0 0.68046875 0.2 0.0296875 0.0296875
0 0.7484375 0.1953125 0.0359375 0.034375
0 0.8078125 0.19765625 0.034375 0.0296875
0 0.865625 0.190625 0.0359375 0.028125
0 0.90625 0.190625 0.03125 0.0359375
0 0.9765625 0.18984375 0.03125 0.0265625
1 0.97734375 0.16640625 0.028125 0.0203125
1 0.921875 0.171875 0.025 0.0296875
1 0.86953125 0.16796875 0.0234375 0.0171875
1 0.82265625 0.171875 0.0234375 0.0265625
1 0.77421875 0.1671875 0.0203125 0.025
1 0.73125 0.175 0.021875 0.025
1 0.68125 0.1765625 0.01875 0.0125
1 0.6359375 0.1796875 0.0203125 0.0203125
1 0.58515625 0.184375 0.0234375 0.0265625
1 0.53984375 0.1796875 0.0234375 0.021875
1 0.475 0.18828125 0.021875 0.025
1 0.4171875 0.18671875 0.021875 0.0203125
1 0.3609375 0.184375 0.0296875 0.0265625
1 0.3015625 0.18671875 0.0265625 0.028125
1 0.25 0.1859375 0.0265625 0.0234375
1 0.19765625 0.18828125 0.028125 0.025
1 0.15703125 0.18671875 0.0265625 0.0234375
1 0.09765625 0.18984375 0.028125 0.0265625
>>>>>>> c9556306391b7ee450ce0db69384df37c899f0a7
1 0.04296875 0.1875 0.0265625 0.025