0 0.8453125 0.1203125 0.04609375 0.05390625
0 0.690625 0.11015625 0.03984375 0.05
0 0.59609375 0.1015625 0.03515625 0.04140625
0 0.5 0.0953125 0.0359375 0.034375
0 0.48125 0.08984375 0.02578125 0.0328125
0 0.27421875 0.0765625 0.02265625 0.03046875
0 0.315625 0.0765625 0.0234375 0.03046875
0 0.38515625 0.0859375 0.02734375 0.03515625
1 0.4859375 0.06875 0.02109375 0.0265625
1 0.59296875 0.07265625 0.021875 0.028125
1 0.72890625 0.07890625 0.02421875 0.0296875
1 0.8359375 0.0875 0.02265625 0.03203125