1 0.00546875 0.2890625 0.0109375 0.021875
1 0.05390625 0.2625 0.0296875 0.03125
1 0.1203125 0.2203125 0.0296875 0.025
1 0.215625 0.1796875 0.0296875 0.0328125
1 0.284375 0.13828125 0.0265625 0.01875
1 0.37734375 0.09296875 0.025 0.0265625
1 0.4375 0.06875 0.0296875 0.0328125
1 0.47421875 0.03984375 0.0234375 0.0203125
1 0.52578125 0.01953125 0.025 0.028125
1 0.625 0.00546875 0.025 0.0109375
1 0.725 0.00859375 0.034375 0.0171875
1 0.7609375 0.00625 0.021875 0.0125
0 0.01015625 0.309375 0.0203125 0.04375
0 0.13125 0.2375 0.0375 0.0359375
0 0.29453125 0.15859375 0.040625 0.0421875
0 0.409375 0.0984375 0.0453125 0.046875
0 0.48515625 0.06171875 0.0375 0.04375
0 0.5234375 0.04921875 0.04375 0.046875
0 0.590625 0.0203125 0.046875 0.040625
0 0.63359375 0.0125 0.0421875 0.025
0 0.70859375 0.01640625 0.0609375 0.0328125
0 0.7640625 0.01484375 0.059375 0.0296875
0 0.78203125 0.02890625 0.0921875 0.0578125
0 0.74765625 0.0671875 0.1328125 0.134375
0 0.6640625 0.1578125 0.1671875 0.184375
0 0.54921875 0.27578125 0.1984375 0.225
0 0.50703125 0.45390625 0.296875 0.3328125
0 0.23203125 0.7984375 0.3828125 0.403125