1 0.97109375 0.1859375 0.05703125 0.0765625
1 0.88515625 0.171875 0.05390625 0.0609375
1 0.8109375 0.16015625 0.046875 0.04921875
1 0.753125 0.153125 0.0453125 0.05234375
1 0.6984375 0.14453125 0.04453125 0.04453125
1 0.6484375 0.1359375 0.03359375 0.04296875
1 0.59765625 0.134375 0.0359375 0.0453125
1 0.5515625 0.12734375 0.03671875 0.0421875
1 0.5125 0.12265625 0.03046875 0.03671875
1 0.4734375 0.1234375 0.0328125 0.03515625
1 0.43828125 0.12109375 0.03046875 0.02890625
1 0.3875 0.121875 0.03125 0.03125
1 0.346875 0.12109375 0.028125 0.03203125
1 0.29765625 0.1140625 0.03125 0.02734375
1 0.2515625 0.11484375 0.021875 0.028125
0 0.0109375 0.1328125 0.02109375 0.028125
0 0.0421875 0.13828125 0.0296875 0.02890625
0 0.06875 0.13984375 0.03203125 0.0375
0 0.11328125 0.13984375 0.0296875 0.02734375
0 0.15625 0.153125 0.0421875 0.0359375
0 0.16171875 0.165625 0.03984375 0.04765625
0 0.1875 0.16796875 0.0484375 0.05
0 0.20078125 0.1875 0.05234375 0.05078125
0 0.21171875 0.2140625 0.0765625 0.059375
0 0.22578125 0.25546875 0.08984375 0.075
0 0.25078125 0.28828125 0.1046875 0.09453125
0 0.30078125 0.3546875 0.1453125 0.140625
0 0.4203125 0.46328125 0.184375 0.21875
0 0.7875 0.7515625 0.31484375 0.3625