<<<<<<< HEAD
0 0.890625 0.140625 0.071875 0.0578125
0 0.79921875 0.128125 0.0546875 0.0515625
0 0.74375 0.125 0.0484375 0.0375
0 0.6984375 0.11953125 0.034375 0.034375
0 0.67421875 0.1125 0.0296875 0.025
0 0.6484375 0.1125 0.025 0.03125
0 0.63671875 0.11484375 0.015625 0.0203125
0 0.62109375 0.11015625 0.028125 0.0234375
0 0.6046875 0.109375 0.0234375 0.025
0 0.59375 0.10859375 0.0140625 0.0203125
0 0.5796875 0.1109375 0.015625 0.015625
1 0.1546875 0.19765625 0.0265625 0.0265625
1 0.13671875 0.303125 0.075 0.075
1 0.20703125 0.25625 0.0640625 0.0578125
1 0.03046875 0.39921875 0.0609375 0.0921875
1 0.25703125 0.23515625 0.0453125 0.05
1 0.28984375 0.21328125 0.0390625 0.04375
1 0.3140625 0.2 0.046875 0.046875
1 0.33203125 0.1890625 0.0328125 0.0359375
1 0.34375 0.18125 0.0296875 0.0265625
1 0.35234375 0.17578125 0.0296875 0.03125
1 0.36171875 0.16640625 0.0265625 0.028125
1 0.37109375 0.1625 0.0171875 0.0171875
=======
0 0.890625 0.140625 0.071875 0.0578125
0 0.79921875 0.128125 0.0546875 0.0515625
0 0.74375 0.125 0.0484375 0.0375
0 0.6984375 0.11953125 0.034375 0.034375
0 0.67421875 0.1125 0.0296875 0.025
0 0.6484375 0.1125 0.025 0.03125
0 0.63671875 0.11484375 0.015625 0.0203125
0 0.62109375 0.11015625 0.028125 0.0234375
0 0.6046875 0.109375 0.0234375 0.025
0 0.59375 0.10859375 0.0140625 0.0203125
0 0.5796875 0.1109375 0.015625 0.015625
1 0.1546875 0.19765625 0.0265625 0.0265625
1 0.13671875 0.303125 0.075 0.075
1 0.20703125 0.25625 0.0640625 0.0578125
1 0.03046875 0.39921875 0.0609375 0.0921875
1 0.25703125 0.23515625 0.0453125 0.05
1 0.28984375 0.21328125 0.0390625 0.04375
1 0.3140625 0.2 0.046875 0.046875
1 0.33203125 0.1890625 0.0328125 0.0359375
1 0.34375 0.18125 0.0296875 0.0265625
1 0.35234375 0.17578125 0.0296875 0.03125
1 0.36171875 0.16640625 0.0265625 0.028125
1 0.37109375 0.1625 0.0171875 0.0171875
>>>>>>> c9556306391b7ee450ce0db69384df37c899f0a7
1 0.3859375 0.15390625 0.0171875 0.01875