0 0.54296875 0.14375 0.0140625 0.0140625
0 0.15859375 0.22578125 0.075 0.0609375
0 0.28046875 0.2109375 0.059375 0.046875
0 0.35234375 0.19140625 0.04375 0.04375
0 0.39921875 0.18125 0.0375 0.03125
0 0.43828125 0.1703125 0.0265625 0.028125
0 0.46015625 0.16328125 0.0171875 0.021875
0 0.4765625 0.1578125 0.025 0.021875
0 0.4890625 0.153125 0.0265625 0.0203125
0 0.5015625 0.15078125 0.0234375 0.0171875
0 0.51953125 0.14765625 0.0125 0.01875
0 0.53046875 0.1453125 0.015625 0.0171875
1 0.73984375 0.16171875 0.01875 0.015625
1 0.97890625 0.17890625 0.01875 0.01875
1 0.97109375 0.26796875 0.0578125 0.0578125
1 0.90859375 0.23828125 0.05 0.0484375
1 0.86171875 0.22109375 0.04375 0.0328125
1 0.828125 0.20859375 0.0359375 0.0296875
1 0.8078125 0.1953125 0.0296875 0.025
1 0.78984375 0.1859375 0.0265625 0.028125
1 0.78125 0.1859375 0.0234375 0.028125
1 0.75859375 0.17265625 0.021875 0.0203125
1 0.75234375 0.165625 0.0203125 0.0171875