<<<<<<< HEAD
0 0.90390625 0.3796875 0.1921875 0.240625
0 0.38828125 0.35546875 0.1375 0.1484375
0 0.17578125 0.36796875 0.1 0.0953125
0 0.05 0.359375 0.08125 0.0734375
0 0.01640625 0.3703125 0.0328125 0.06875
1 0.7328125 0.121875 0.071875 0.0671875
1 0.55234375 0.153125 0.0515625 0.0515625
1 0.41484375 0.18984375 0.0484375 0.05
1 0.32421875 0.2078125 0.04375 0.046875
1 0.26328125 0.2234375 0.0421875 0.04375
1 0.2125 0.23984375 0.0484375 0.0515625
1 0.15390625 0.259375 0.040625 0.0453125
1 0.0890625 0.2796875 0.0359375 0.040625
1 0.02578125 0.3015625 0.0390625 0.040625
1 0.009375 0.31796875 0.01875 0.0390625
=======
0 0.90390625 0.3796875 0.1921875 0.240625
0 0.38828125 0.35546875 0.1375 0.1484375
0 0.17578125 0.36796875 0.1 0.0953125
0 0.05 0.359375 0.08125 0.0734375
0 0.01640625 0.3703125 0.0328125 0.06875
1 0.7328125 0.121875 0.071875 0.0671875
1 0.55234375 0.153125 0.0515625 0.0515625
1 0.41484375 0.18984375 0.0484375 0.05
1 0.32421875 0.2078125 0.04375 0.046875
1 0.26328125 0.2234375 0.0421875 0.04375
1 0.2125 0.23984375 0.0484375 0.0515625
1 0.15390625 0.259375 0.040625 0.0453125
1 0.0890625 0.2796875 0.0359375 0.040625
1 0.02578125 0.3015625 0.0390625 0.040625
1 0.009375 0.31796875 0.01875 0.0390625
>>>>>>> c9556306391b7ee450ce0db69384df37c899f0a7
1 0.00546875 0.3359375 0.0109375 0.034375