<<<<<<< HEAD
0 0.85703125 0.09609375 0.0265625 0.028125
0 0.703125 0.1 0.0265625 0.03125
1 0.703125 0.0765625 0.0265625 0.0203125
1 0.78203125 0.0796875 0.0203125 0.0265625
1 0.8578125 0.07421875 0.0234375 0.0171875
1 0.60234375 0.084375 0.0234375 0.0296875
1 0.51953125 0.0796875 0.0265625 0.015625
1 0.41953125 0.08046875 0.0203125 0.021875
0 0.39140625 0.10546875 0.0328125 0.0375
0 0.521875 0.10078125 0.028125 0.0328125
1 0.3515625 0.08828125 0.01875 0.0265625
0 0.3078125 0.10546875 0.0234375 0.0328125
1 0.30625 0.0828125 0.025 0.0140625
1 0.2546875 0.08828125 0.021875 0.025
1 0.14296875 0.0953125 0.0234375 0.0171875
0 0.14453125 0.12421875 0.03125 0.046875
0 0.19296875 0.11796875 0.0359375 0.0390625
0 0.27109375 0.1125 0.0328125 0.034375
0 0.065625 0.13125 0.0390625 0.0515625
0 0.01484375 0.1375 0.0296875 0.04375
1 0.0359375 0.10234375 0.028125 0.028125
1 0.00234375 0.1046875 0.0046875 0.021875
0 0.0296875 0.2015625 0.059375 0.09375
0 0.07734375 0.22890625 0.09375 0.115625
0 0.196875 0.27734375 0.1125 0.1484375
0 0.34765625 0.32734375 0.1484375 0.1953125
0 0.4703125 0.46171875 0.209375 0.2875
=======
0 0.85703125 0.09609375 0.0265625 0.028125
0 0.703125 0.1 0.0265625 0.03125
1 0.703125 0.0765625 0.0265625 0.0203125
1 0.78203125 0.0796875 0.0203125 0.0265625
1 0.8578125 0.07421875 0.0234375 0.0171875
1 0.60234375 0.084375 0.0234375 0.0296875
1 0.51953125 0.0796875 0.0265625 0.015625
1 0.41953125 0.08046875 0.0203125 0.021875
0 0.39140625 0.10546875 0.0328125 0.0375
0 0.521875 0.10078125 0.028125 0.0328125
1 0.3515625 0.08828125 0.01875 0.0265625
0 0.3078125 0.10546875 0.0234375 0.0328125
1 0.30625 0.0828125 0.025 0.0140625
1 0.2546875 0.08828125 0.021875 0.025
1 0.14296875 0.0953125 0.0234375 0.0171875
0 0.14453125 0.12421875 0.03125 0.046875
0 0.19296875 0.11796875 0.0359375 0.0390625
0 0.27109375 0.1125 0.0328125 0.034375
0 0.065625 0.13125 0.0390625 0.0515625
0 0.01484375 0.1375 0.0296875 0.04375
1 0.0359375 0.10234375 0.028125 0.028125
1 0.00234375 0.1046875 0.0046875 0.021875
0 0.0296875 0.2015625 0.059375 0.09375
0 0.07734375 0.22890625 0.09375 0.115625
0 0.196875 0.27734375 0.1125 0.1484375
0 0.34765625 0.32734375 0.1484375 0.1953125
0 0.4703125 0.46171875 0.209375 0.2875
>>>>>>> c9556306391b7ee450ce0db69384df37c899f0a7
0 0.8890625 0.665625 0.221875 0.43125