<<<<<<< HEAD
1 0.109375 0.2140625 0.01796875 0.01875
0 0.33046875 0.2375 0.028125 0.034375
0 0.4015625 0.246875 0.03203125 0.0421875
0 0.42265625 0.26640625 0.04453125 0.04921875
0 0.4828125 0.28984375 0.05625 0.07109375
0 0.58203125 0.30078125 0.05703125 0.0828125
0 0.70078125 0.34921875 0.08671875 0.10546875
=======
1 0.109375 0.2140625 0.01796875 0.01875
0 0.33046875 0.2375 0.028125 0.034375
0 0.4015625 0.246875 0.03203125 0.0421875
0 0.42265625 0.26640625 0.04453125 0.04921875
0 0.4828125 0.28984375 0.05625 0.07109375
0 0.58203125 0.30078125 0.05703125 0.0828125
0 0.70078125 0.34921875 0.08671875 0.10546875
>>>>>>> c9556306391b7ee450ce0db69384df37c899f0a7
0 0.946875 0.43125 0.10546875 0.16015625