0 0.94765625 0.1234375 0.02109375 0.02265625
0 0.8609375 0.11796875 0.0125 0.01796875
0 0.7109375 0.1203125 0.0140625 0.01796875
0 0.728125 0.115625 0.01328125 0.01875
0 0.740625 0.11875 0.00859375 0.015625
0 0.75625 0.12109375 0.015625 0.02734375
0 0.7828125 0.12265625 0.02578125 0.025
0 0.8046875 0.12578125 0.0140625 0.015625
0 0.8234375 0.134375 0.02109375 0.02109375
0 0.8453125 0.1359375 0.02890625 0.0234375
0 0.84296875 0.15 0.03046875 0.03125
0 0.834375 0.16640625 0.04375 0.040625
0 0.82578125 0.1890625 0.046875 0.04140625
0 0.8484375 0.20703125 0.06015625 0.04921875
0 0.89609375 0.225 0.0734375 0.06484375
0 0.96875 0.24609375 0.0625 0.0984375
1 0.990625 0.109375 0.01171875 0.0296875
1 0.91796875 0.1171875 0.0171875 0.025
1 0.84453125 0.1078125 0.01328125 0.021875
1 0.68515625 0.1140625 0.0125 0.01953125
1 0.64609375 0.11484375 0.01328125 0.015625
1 0.615625 0.11640625 0.0203125 0.0234375
1 0.5828125 0.1171875 0.02421875 0.02109375
1 0.55234375 0.11484375 0.0109375 0.01484375
1 0.53046875 0.115625 0.01484375 0.01015625
1 0.51953125 0.11640625 0.015625 0.01796875
1 0.496875 0.1171875 0.01796875 0.015625
1 0.5140625 0.1359375 0.034375 0.03125
1 0.5 0.1421875 0.03046875 0.03046875
1 0.47421875 0.14453125 0.03125 0.0296875
1 0.43984375 0.14921875 0.025 0.02890625
1 0.4 0.15703125 0.025 0.02890625
1 0.36640625 0.15625 0.02890625 0.03203125
1 0.32421875 0.165625 0.03828125 0.0328125
1 0.259375 0.175 0.04453125 0.040625
1 0.2078125 0.184375 0.0484375 0.05625
1 0.14765625 0.1953125 0.0546875 0.0515625
1 0.07109375 0.2078125 0.06328125 0.06171875
1 0.0140625 0.23671875 0.025 0.075