<<<<<<< HEAD
1 0.01484375 0.52578125 0.0296875 0.0890625
1 0.03125 0.4796875 0.0625 0.1125
1 0.05390625 0.428125 0.0796875 0.0796875
1 0.0875 0.40078125 0.0546875 0.059375
1 0.16015625 0.3515625 0.0546875 0.059375
1 0.225 0.30859375 0.0578125 0.05625
1 0.27734375 0.27734375 0.0484375 0.053125
1 0.3140625 0.2578125 0.0484375 0.0484375
1 0.3859375 0.2203125 0.046875 0.0453125
1 0.45390625 0.18984375 0.0453125 0.040625
1 0.5234375 0.14375 0.0453125 0.0421875
1 0.6 0.1125 0.04375 0.04375
1 0.68125 0.0765625 0.05 0.05
1 0.80234375 0.02578125 0.046875 0.05
0 0.825 0.05859375 0.065625 0.0703125
=======
1 0.01484375 0.52578125 0.0296875 0.0890625
1 0.03125 0.4796875 0.0625 0.1125
1 0.05390625 0.428125 0.0796875 0.0796875
1 0.0875 0.40078125 0.0546875 0.059375
1 0.16015625 0.3515625 0.0546875 0.059375
1 0.225 0.30859375 0.0578125 0.05625
1 0.27734375 0.27734375 0.0484375 0.053125
1 0.3140625 0.2578125 0.0484375 0.0484375
1 0.3859375 0.2203125 0.046875 0.0453125
1 0.45390625 0.18984375 0.0453125 0.040625
1 0.5234375 0.14375 0.0453125 0.0421875
1 0.6 0.1125 0.04375 0.04375
1 0.68125 0.0765625 0.05 0.05
1 0.80234375 0.02578125 0.046875 0.05
0 0.825 0.05859375 0.065625 0.0703125
>>>>>>> c9556306391b7ee450ce0db69384df37c899f0a7
0 0.8015625 0.09375 0.0828125 0.071875