<<<<<<< HEAD
0 0.46171875 0.1890625 0.02734375 0.03203125
0 0.42109375 0.20078125 0.03203125 0.0359375
0 0.37890625 0.209375 0.03828125 0.04375
0 0.29609375 0.2375 0.05625 0.059375
0 0.184375 0.29140625 0.08046875 0.0703125
1 0.87890625 0.2 0.0390625 0.04765625
1 0.93671875 0.209375 0.04453125 0.04296875
=======
0 0.46171875 0.1890625 0.02734375 0.03203125
0 0.42109375 0.20078125 0.03203125 0.0359375
0 0.37890625 0.209375 0.03828125 0.04375
0 0.29609375 0.2375 0.05625 0.059375
0 0.184375 0.29140625 0.08046875 0.0703125
1 0.87890625 0.2 0.0390625 0.04765625
1 0.93671875 0.209375 0.04453125 0.04296875
>>>>>>> c9556306391b7ee450ce0db69384df37c899f0a7
1 0.98671875 0.23046875 0.0265625 0.04921875