0 0.934375 0.4640625 0.13125 0.140625
0 0.6484375 0.390625 0.1421875 0.1375
0 0.36640625 0.3359375 0.15 0.153125
0 0.13125 0.33046875 0.1859375 0.1796875
1 0.090625 0.13359375 0.05625 0.06875
1 0.23125 0.15625 0.0640625 0.06875
1 0.34765625 0.17578125 0.05625 0.071875
1 0.47109375 0.19296875 0.0578125 0.065625
1 0.559375 0.21171875 0.059375 0.0640625
1 0.68671875 0.23203125 0.0609375 0.059375
1 0.8015625 0.2609375 0.071875 0.06875
1 0.89375 0.28515625 0.071875 0.0671875
1 0.9734375 0.30390625 0.053125 0.0640625