<<<<<<< HEAD
1 0.6 0.11015625 0.0515625 0.0546875
1 0.81640625 0.009375 0.0203125 0.01875
1 0.471875 0.1703125 0.0421875 0.0453125
1 0.375 0.20859375 0.0359375 0.0359375
1 0.31484375 0.2328125 0.0421875 0.040625
1 0.253125 0.26328125 0.0359375 0.0390625
1 0.196875 0.30078125 0.046875 0.0453125
1 0.13046875 0.328125 0.0421875 0.0421875
1 0.06640625 0.36328125 0.0421875 0.0421875
1 0.02265625 0.38515625 0.0453125 0.0484375
1 0.0125 0.40625 0.025 0.053125
1 0.0109375 0.44140625 0.021875 0.0515625
0 0.52734375 0.1640625 0.053125 0.0546875
0 0.453125 0.2046875 0.059375 0.0578125
0 0.42578125 0.23515625 0.06875 0.065625
0 0.471875 0.2234375 0.059375 0.0609375
0 0.5265625 0.21015625 0.0796875 0.0765625
0 0.7265625 0.07578125 0.0671875 0.0625
0 0.61484375 0.18671875 0.0921875 0.09375
0 0.73359375 0.14921875 0.115625 0.109375
=======
1 0.6 0.11015625 0.0515625 0.0546875
1 0.81640625 0.009375 0.0203125 0.01875
1 0.471875 0.1703125 0.0421875 0.0453125
1 0.375 0.20859375 0.0359375 0.0359375
1 0.31484375 0.2328125 0.0421875 0.040625
1 0.253125 0.26328125 0.0359375 0.0390625
1 0.196875 0.30078125 0.046875 0.0453125
1 0.13046875 0.328125 0.0421875 0.0421875
1 0.06640625 0.36328125 0.0421875 0.0421875
1 0.02265625 0.38515625 0.0453125 0.0484375
1 0.0125 0.40625 0.025 0.053125
1 0.0109375 0.44140625 0.021875 0.0515625
0 0.52734375 0.1640625 0.053125 0.0546875
0 0.453125 0.2046875 0.059375 0.0578125
0 0.42578125 0.23515625 0.06875 0.065625
0 0.471875 0.2234375 0.059375 0.0609375
0 0.5265625 0.21015625 0.0796875 0.0765625
0 0.7265625 0.07578125 0.0671875 0.0625
0 0.61484375 0.18671875 0.0921875 0.09375
0 0.73359375 0.14921875 0.115625 0.109375
>>>>>>> c9556306391b7ee450ce0db69384df37c899f0a7
0 0.85859375 0.1328125 0.06875 0.0890625