0 0.96015625 0.22734375 0.065625 0.05625
0 0.890625 0.203125 0.046875 0.0390625
0 0.8421875 0.19140625 0.0375 0.0359375
0 0.803125 0.17890625 0.03125 0.0265625
0 0.77421875 0.178125 0.028125 0.0265625
0 0.74453125 0.16640625 0.021875 0.0234375
1 0.02109375 0.365625 0.0375 0.084375
1 0.15546875 0.284375 0.0765625 0.0734375
1 0.26171875 0.23828125 0.0609375 0.053125
1 0.3234375 0.21796875 0.0453125 0.040625
1 0.365625 0.2015625 0.03125 0.034375
1 0.39765625 0.18671875 0.028125 0.0296875
1 0.42265625 0.1765625 0.021875 0.028125
1 0.4453125 0.17890625 0.0203125 0.01875