<<<<<<< HEAD
1 0.9859375 0.41796875 0.028125 0.0953125
1 0.9625 0.3828125 0.075 0.08125
1 0.86171875 0.32890625 0.071875 0.06875
1 0.771875 0.29375 0.0671875 0.0703125
1 0.70625 0.2640625 0.0609375 0.05625
1 0.66171875 0.2484375 0.0578125 0.05625
1 0.5765625 0.21484375 0.0484375 0.0421875
1 0.4953125 0.19921875 0.05625 0.0484375
1 0.40625 0.1609375 0.053125 0.05
1 0.32109375 0.14375 0.0515625 0.0375
=======
1 0.9859375 0.41796875 0.028125 0.0953125
1 0.9625 0.3828125 0.075 0.08125
1 0.86171875 0.32890625 0.071875 0.06875
1 0.771875 0.29375 0.0671875 0.0703125
1 0.70625 0.2640625 0.0609375 0.05625
1 0.66171875 0.2484375 0.0578125 0.05625
1 0.5765625 0.21484375 0.0484375 0.0421875
1 0.4953125 0.19921875 0.05625 0.0484375
1 0.40625 0.1609375 0.053125 0.05
1 0.32109375 0.14375 0.0515625 0.0375
>>>>>>> c9556306391b7ee450ce0db69384df37c899f0a7
1 0.228125 0.11015625 0.0515625 0.0484375