1 0.225 0.0078125 0.025 0.015625
1 0.325 0.040625 0.0734375 0.075
1 0.41484375 0.0796875 0.0671875 0.0625
1 0.49140625 0.12578125 0.0671875 0.065625
1 0.5578125 0.16953125 0.0546875 0.0546875
1 0.60234375 0.1828125 0.0515625 0.05
1 0.63515625 0.20078125 0.0453125 0.05
1 0.6671875 0.21171875 0.04375 0.0421875
1 0.6890625 0.22890625 0.0390625 0.040625
1 0.721875 0.24140625 0.0328125 0.034375
1 0.740625 0.253125 0.034375 0.0359375
1 0.7671875 0.26640625 0.0359375 0.0375
1 0.79296875 0.2875 0.034375 0.034375
1 0.81875 0.29609375 0.028125 0.03125
1 0.84453125 0.31171875 0.0328125 0.0359375
1 0.87265625 0.3296875 0.028125 0.028125
1 0.903125 0.3484375 0.0265625 0.028125
1 0.93125 0.365625 0.0265625 0.028125
1 0.96484375 0.3828125 0.0296875 0.03125
1 0.9890625 0.40390625 0.021875 0.0328125
0 0.99453125 0.45078125 0.0109375 0.0359375
0 0.984375 0.44765625 0.03125 0.0453125
0 0.9765625 0.44609375 0.046875 0.0484375
0 0.95234375 0.44609375 0.0578125 0.0546875
0 0.9359375 0.44296875 0.053125 0.053125
0 0.9046875 0.43671875 0.06875 0.0671875
0 0.85390625 0.41875 0.0828125 0.08125
0 0.76875 0.38984375 0.08125 0.078125
0 0.66640625 0.34453125 0.096875 0.09375
0 0.52109375 0.2703125 0.1203125 0.121875
0 0.33828125 0.16953125 0.134375 0.13125