<<<<<<< HEAD
0 0.21171875 0.74921875 0.3234375 0.3515625
0 0.58203125 0.45625 0.17578125 0.20859375
0 0.6984375 0.35390625 0.13828125 0.12578125
0 0.75 0.290625 0.09375 0.09453125
0 0.76796875 0.2546875 0.08515625 0.071875
0 0.78203125 0.221875 0.06015625 0.0671875
0 0.79921875 0.19375 0.05703125 0.0578125
0 0.81015625 0.165625 0.04296875 0.04453125
0 0.84140625 0.15 0.03515625 0.04296875
0 0.88359375 0.14609375 0.0375 0.03515625
0 0.92890625 0.14140625 0.02890625 0.03984375
0 0.959375 0.140625 0.025 0.0296875
0 0.98984375 0.13125 0.0203125 0.028125
1 0.7484375 0.1140625 0.02578125 0.03203125
1 0.70078125 0.115625 0.0296875 0.03046875
1 0.65546875 0.1203125 0.02578125 0.02890625
1 0.61328125 0.1203125 0.02421875 0.03046875
1 0.565625 0.11953125 0.02734375 0.02578125
1 0.52578125 0.125 0.025 0.034375
1 0.48515625 0.12421875 0.02265625 0.0359375
1 0.4484375 0.128125 0.03671875 0.04140625
1 0.4046875 0.13046875 0.0296875 0.0421875
1 0.3515625 0.13828125 0.03515625 0.03984375
1 0.3046875 0.14453125 0.03671875 0.04296875
1 0.24921875 0.15390625 0.0390625 0.0453125
1 0.1890625 0.16015625 0.05078125 0.046875
1 0.11953125 0.16953125 0.05546875 0.06015625
=======
0 0.21171875 0.74921875 0.3234375 0.3515625
0 0.58203125 0.45625 0.17578125 0.20859375
0 0.6984375 0.35390625 0.13828125 0.12578125
0 0.75 0.290625 0.09375 0.09453125
0 0.76796875 0.2546875 0.08515625 0.071875
0 0.78203125 0.221875 0.06015625 0.0671875
0 0.79921875 0.19375 0.05703125 0.0578125
0 0.81015625 0.165625 0.04296875 0.04453125
0 0.84140625 0.15 0.03515625 0.04296875
0 0.88359375 0.14609375 0.0375 0.03515625
0 0.92890625 0.14140625 0.02890625 0.03984375
0 0.959375 0.140625 0.025 0.0296875
0 0.98984375 0.13125 0.0203125 0.028125
1 0.7484375 0.1140625 0.02578125 0.03203125
1 0.70078125 0.115625 0.0296875 0.03046875
1 0.65546875 0.1203125 0.02578125 0.02890625
1 0.61328125 0.1203125 0.02421875 0.03046875
1 0.565625 0.11953125 0.02734375 0.02578125
1 0.52578125 0.125 0.025 0.034375
1 0.48515625 0.12421875 0.02265625 0.0359375
1 0.4484375 0.128125 0.03671875 0.04140625
1 0.4046875 0.13046875 0.0296875 0.0421875
1 0.3515625 0.13828125 0.03515625 0.03984375
1 0.3046875 0.14453125 0.03671875 0.04296875
1 0.24921875 0.15390625 0.0390625 0.0453125
1 0.1890625 0.16015625 0.05078125 0.046875
1 0.11953125 0.16953125 0.05546875 0.06015625
>>>>>>> c9556306391b7ee450ce0db69384df37c899f0a7
1 0.03046875 0.18046875 0.059375 0.06640625