0 0.8546875 0.5546875 0.290625 0.44375
0 0.38984375 0.35703125 0.1734375 0.1703125
0 0.25546875 0.31328125 0.1046875 0.1015625
0 0.18125 0.28515625 0.075 0.071875
0 0.14140625 0.284375 0.0421875 0.04375
0 0.10703125 0.271875 0.0484375 0.04375
0 0.08203125 0.26875 0.04375 0.040625
0 0.0625 0.2640625 0.034375 0.0375
0 0.0453125 0.271875 0.0296875 0.0296875
0 0.025 0.26796875 0.021875 0.0265625
0 0.0078125 0.26640625 0.015625 0.0234375
0 0.00703125 0.27734375 0.0140625 0.0296875
0 0.00546875 0.30234375 0.0109375 0.0203125
1 0.0046875 0.3 0.009375 0.025
1 0.0046875 0.28515625 0.009375 0.0203125
1 0.00546875 0.2625 0.0109375 0.01875
1 0.01484375 0.2484375 0.0140625 0.0140625
1 0.05703125 0.2375 0.021875 0.0234375
1 0.0828125 0.22890625 0.021875 0.025
1 0.11328125 0.21484375 0.021875 0.021875
1 0.1453125 0.2015625 0.025 0.0234375
1 0.1703125 0.1921875 0.021875 0.025
1 0.19296875 0.18515625 0.0203125 0.0234375
1 0.21953125 0.178125 0.0265625 0.028125
1 0.2484375 0.16796875 0.0234375 0.021875
1 0.284375 0.15546875 0.0296875 0.028125
1 0.328125 0.140625 0.028125 0.0234375
1 0.3703125 0.1296875 0.0328125 0.0328125
1 0.425 0.1203125 0.0328125 0.03125
1 0.49609375 0.09453125 0.0359375 0.040625
1 0.5875 0.0640625 0.0515625 0.053125
1 0.71953125 0.03359375 0.0671875 0.0671875