0 0.4984375 0.603125 0.021875 0.0234375
0 0.4890625 0.60234375 0.021875 0.0265625
0 0.45546875 0.609375 0.015625 0.01875
0 0.38515625 0.62265625 0.015625 0.0203125
0 0.3265625 0.625 0.0125 0.0140625
0 0.2671875 0.646875 0.0234375 0.0296875
0 0.21015625 0.69921875 0.0609375 0.0578125
0 0.203125 0.64609375 0.0109375 0.015625
0 0.0828125 0.66484375 0.0171875 0.015625
0 0.121875 0.6578125 0.0078125 0.0078125
1 0.521875 0.590625 0.0140625 0.0171875
1 0.5578125 0.5984375 0.0296875 0.0359375
1 0.56328125 0.58203125 0.0140625 0.015625
1 0.61484375 0.5796875 0.0125 0.0171875
1 0.640625 0.5796875 0.0171875 0.0234375
1 0.69375 0.58515625 0.0328125 0.0421875
1 0.75625 0.590625 0.053125 0.059375
1 0.9578125 0.740625 0.084375 0.209375