0 0.4859375 0.60234375 0.01875 0.02109375
0 0.4765625 0.6 0.01953125 0.02421875
0 0.4421875 0.603125 0.01328125 0.01796875
0 0.37109375 0.6078125 0.0140625 0.01875
0 0.3125 0.603125 0.01171875 0.0125
0 0.25078125 0.6171875 0.02109375 0.0265625
0 0.18828125 0.6625 0.0546875 0.0515625
0 0.1875 0.60859375 0.00859375 0.0140625
0 0.065625 0.6125 0.01484375 0.0140625
0 0.10546875 0.6109375 0.00625 0.00703125
1 0.5109375 0.59296875 0.0125 0.01640625
1 0.5453125 0.6046875 0.02578125 0.0328125
1 0.553125 0.5890625 0.01171875 0.0140625
1 0.60390625 0.59296875 0.0109375 0.01640625
1 0.6296875 0.59609375 0.01484375 0.021875
1 0.68203125 0.6078125 0.02890625 0.0390625
1 0.74296875 0.62109375 0.046875 0.0546875
1 0.946875 0.79765625 0.10546875 0.19765625