<<<<<<< HEAD
1 0.415625 0.63203125 0.0203125 0.0234375
1 0.43984375 0.6203125 0.015625 0.0203125
1 0.4515625 0.621875 0.0171875 0.0234375
0 0.565625 0.6140625 0.0171875 0.0203125
0 0.5859375 0.61875 0.0171875 0.021875
0 0.60859375 0.62421875 0.0234375 0.0234375
0 0.68125 0.6375 0.03125 0.04375
=======
1 0.415625 0.63203125 0.0203125 0.0234375
1 0.43984375 0.6203125 0.015625 0.0203125
1 0.4515625 0.621875 0.0171875 0.0234375
0 0.565625 0.6140625 0.0171875 0.0203125
0 0.5859375 0.61875 0.0171875 0.021875
0 0.60859375 0.62421875 0.0234375 0.0234375
0 0.68125 0.6375 0.03125 0.04375
>>>>>>> c9556306391b7ee450ce0db69384df37c899f0a7
0 0.7875 0.65859375 0.0546875 0.0609375