<<<<<<< HEAD
1 0.44453125 0.646875 0.025 0.0265625
1 0.465625 0.63046875 0.01875 0.021875
1 0.47734375 0.62890625 0.021875 0.0265625
0 0.58828125 0.5984375 0.0203125 0.021875
0 0.60859375 0.5984375 0.021875 0.0234375
0 0.63203125 0.5984375 0.0265625 0.028125
0 0.70546875 0.596875 0.0390625 0.0484375
=======
1 0.44453125 0.646875 0.025 0.0265625
1 0.465625 0.63046875 0.01875 0.021875
1 0.47734375 0.62890625 0.021875 0.0265625
0 0.58828125 0.5984375 0.0203125 0.021875
0 0.60859375 0.5984375 0.021875 0.0234375
0 0.63203125 0.5984375 0.0265625 0.028125
0 0.70546875 0.596875 0.0390625 0.0484375
>>>>>>> c9556306391b7ee450ce0db69384df37c899f0a7
0 0.8140625 0.5953125 0.065625 0.06875